2 378.768 
3 268.341 
4 207.315 
5 169.087 
6 143.187 
7 124.68 
8 110.946 
9 100.523 
10 92.3084 
11 85.7641 
12 80.6995 
13 76.465 
14 73.0833 
15 70.4678 
16 68.1543 
17 66.1948 
18 64.7371 
19 63.7924 
20 63.204 
21 62.7154 
22 62.3182 
23 62.064 
24 61.9754 
25 62.0408 
26 62.2269 
27 62.5401 
28 62.9866 
29 63.5541 
30 64.2092 
31 64.9109 
32 65.665 
33 66.488 
34 67.3932 
35 68.3898 
36 69.4822 
37 70.6696 
38 71.9455 
39 73.2969 
40 74.704 
41 76.1458 
42 77.622 
43 79.1375 
44 80.696 
45 82.3002 
46 83.9518 
47 85.6509 
48 87.3964 
49 89.1856 
50 91.014 
51 92.877 
52 94.7742 
53 96.706 
54 98.6722 
55 100.672 
56 102.703 
57 104.764 
58 106.85 
59 108.957 
60 111.08 
61 113.214 
62 115.357 
63 117.507 
64 119.664 
65 121.826 
66 123.991 
67 126.157 
68 128.321 
69 130.48 
70 132.631 
71 134.771 
72 136.897 
73 139.009 
74 141.105 
75 143.183 
76 145.241 
77 147.279 
78 149.293 
79 151.282 
80 153.242 
81 155.173 
82 157.074 
83 158.944 
84 160.783 
85 162.591 
86 164.368 
87 166.114 
88 167.83 
89 169.515 
90 171.169 
91 172.794 
92 174.389 
93 175.953 
94 177.487 
95 178.991 
96 180.465 
97 181.908 
98 183.322 
99 184.705 
100 186.059 
101 187.382 
102 188.677 
103 189.941 
104 191.176 
105 192.381 
106 193.556 
107 194.703 
108 195.82 
109 196.907 
110 197.966 
111 198.996 
112 199.997 
113 200.97 
114 201.914 
115 202.83 
116 203.718 
117 204.578 
118 205.41 
119 206.215 
120 206.993 
121 207.744 
122 208.468 
123 209.165 
124 209.835 
125 210.479 
126 211.096 
127 211.686 
128 212.25 
129 212.788 
130 213.299 
131 213.783 
132 214.241 
133 214.673 
134 215.078 
135 215.456 
136 215.808 
137 216.133 
138 216.432 
139 216.703 
140 216.948 
141 217.166 
142 217.357 
143 217.521 
144 217.659 
145 217.771 
146 217.856 
147 217.916 
148 217.949 
149 217.958 
150 217.941 
151 217.899 
152 217.832 
153 217.74 
154 217.624 
155 217.483 
156 217.318 
157 217.129 
158 216.916 
159 216.68 
160 216.419 
161 216.136 
162 215.829 
163 215.5 
164 215.148 
165 214.774 
166 214.377 
167 213.959 
168 213.52 
169 213.059 
170 212.578 
171 212.075 
172 211.553 
173 211.011 
174 210.448 
175 209.866 
176 209.265 
177 208.645 
178 208.006 
179 207.349 
180 206.674 
181 205.98 
182 205.269 
183 204.541 
184 203.796 
185 203.034 
186 202.256 
187 201.462 
188 200.652 
189 199.827 
190 198.986 
191 198.131 
192 197.262 
193 196.379 
194 195.481 
195 194.571 
196 193.647 
197 192.71 
198 191.76 
199 190.799 
200 189.825 
201 188.84 
202 187.843 
203 186.835 
204 185.817 
205 184.788 
206 183.749 
207 182.7 
208 181.642 
209 180.574 
210 179.497 
211 178.412 
212 177.318 
213 176.217 
214 175.107 
215 173.99 
216 172.866 
217 171.735 
218 170.597 
219 169.452 
220 168.302 
221 167.145 
222 165.982 
223 164.814 
224 163.641 
225 162.463 
226 161.279 
227 160.092 
228 158.899 
229 157.703 
230 156.503 
231 155.3 
232 154.093 
233 152.883 
234 151.671 
235 150.456 
236 149.239 
237 148.02 
238 146.8 
239 145.578 
240 144.354 
241 143.13 
242 141.904 
243 140.678 
244 139.452 
245 138.226 
246 136.999 
247 135.773 
248 134.547 
249 133.321 
250 132.096 
251 130.872 
252 129.649 
253 128.427 
254 127.207 
255 125.989 
256 124.772 
257 123.558 
258 122.346 
259 121.136 
260 119.93 
261 118.726 
262 117.525 
263 116.328 
264 115.134 
265 113.943 
266 112.757 
267 111.574 
268 110.395 
269 109.221 
270 108.051 
271 106.885 
272 105.724 
273 104.567 
274 103.416 
275 102.269 
276 101.127 
277 99.9904 
278 98.859 
279 97.733 
280 96.6125 
281 95.4977 
282 94.3886 
283 93.2854 
284 92.1882 
285 91.0971 
286 90.0122 
287 88.9336 
288 87.8613 
289 86.7954 
290 85.736 
291 84.6832 
292 83.637 
293 82.5974 
294 81.5646 
295 80.5384 
296 79.5191 
297 78.5065 
298 77.5007 
299 76.5017 
300 75.5096 
301 74.5242 
302 73.5457 
303 72.5742 
304 71.6099 
305 70.6529 
306 69.7032 
307 68.761 
308 67.8263 
309 66.8993 
310 65.98 
311 65.0686 
312 64.1651 
313 63.2695 
314 62.3821 
315 61.5027 
316 60.6315 
317 59.7686 
318 58.914 
319 58.0677 
320 57.2298 
321 56.4003 
322 55.5793 
323 54.7667 
324 53.9627 
325 53.1671 
326 52.3801 
327 51.6016 
328 50.8316 
329 50.0702 
330 49.3172 
331 48.5728 
332 47.8368 
333 47.1092 
334 46.3901 
335 45.6793 
336 44.9768 
337 44.2826 
338 43.5965 
339 42.9186 
340 42.2488 
341 41.587 
342 40.933 
343 40.2868 
344 39.6484 
345 39.0175 
346 38.3942 
347 37.7782 
348 37.1694 
349 36.5678 
350 35.9731 
351 35.3853 
352 34.8044 
353 34.2304 
354 33.6633 
355 33.1031 
356 32.5499 
357 32.0037 
358 31.4645 
359 30.9323 
360 30.4071 
361 29.889 
362 29.3779 
363 28.8738 
364 28.3768 
365 27.8868 
366 27.4038 
367 26.9279 
368 26.4589 
369 25.9969 
370 25.5418 
371 25.0936 
372 24.6524 
373 24.218 
374 23.7904 
375 23.3696 
376 22.9555 
377 22.5482 
378 22.1474 
379 21.7533 
380 21.3657 
381 20.9845 
382 20.6098 
383 20.2414 
384 19.8792 
385 19.5232 
386 19.1734 
387 18.8295 
388 18.4916 
389 18.1595 
390 17.8331 
391 17.5124 
392 17.1972 
393 16.8875 
394 16.583 
395 16.2838 
396 15.9896 
397 15.7004 
398 15.416 
399 15.1363 
400 14.8611 
401 14.5903 
402 14.324 
403 14.062 
404 13.8045 
405 13.5513 
406 13.3025 
407 13.058 
408 12.8178 
409 12.582 
410 12.3504 
411 12.1232 
412 11.9002 
413 11.6814 
414 11.4668 
415 11.2564 
416 11.0501 
417 10.848 
418 10.6499 
419 10.4559 
420 10.2659 
421 10.0799 
422 9.89777 
423 9.71957 
424 9.54521 
425 9.37466 
426 9.20787 
427 9.04478 
428 8.88535 
429 8.72952 
430 8.57724 
431 8.42844 
432 8.28308 
433 8.14108 
434 8.0024 
435 7.86695 
436 7.73468 
437 7.60551 
438 7.47938 
439 7.35621 
440 7.23593 
441 7.11845 
442 7.00371 
443 6.89161 
444 6.78207 
445 6.67502 
446 6.57035 
447 6.46798 
448 6.36782 
449 6.26978 
450 6.17375 
451 6.07965 
452 5.98746 
453 5.89717 
454 5.80877 
455 5.72225 
456 5.6376 
457 5.55481 
458 5.47386 
459 5.39475 
460 5.31745 
461 5.24196 
462 5.16826 
463 5.09633 
464 5.02616 
465 4.95773 
466 4.89103 
467 4.82603 
468 4.76272 
469 4.70108 
470 4.64109 
471 4.58272 
472 4.52596 
473 4.47079 
474 4.41717 
475 4.3651 
476 4.31453 
477 4.26545 
478 4.21784 
479 4.17166 
480 4.12689 
481 4.0835 
482 4.04147 
483 4.00076 
484 3.96134 
485 3.92318 
486 3.88625 
487 3.85052 
488 3.81596 
489 3.78253 
490 3.75019 
491 3.71892 
492 3.68867 
493 3.65941 
494 3.6311 
495 3.6037 
496 3.57718 
497 3.55148 
498 3.52658 
499 3.50243 
500 3.47899 
501 3.45622 
502 3.43411 
503 3.41266 
504 3.39187 
505 3.37172 
506 3.35223 
507 3.33339 
508 3.31519 
509 3.29762 
510 3.2807 
511 3.2644 
512 3.24873 
513 3.23369 
514 3.21926 
515 3.20545 
516 3.19224 
517 3.17964 
518 3.16764 
519 3.15623 
520 3.14541 
521 3.13517 
522 3.1255 
523 3.11641 
524 3.10787 
525 3.0999 
526 3.09247 
527 3.08559 
528 3.07925 
529 3.07343 
530 3.06813 
531 3.06335 
532 3.05908 
533 3.0553 
534 3.05201 
535 3.04921 
536 3.04687 
537 3.045 
538 3.04359 
539 3.04262 
540 3.04209 
541 3.04199 
542 3.0423 
543 3.04302 
544 3.04414 
545 3.04565 
546 3.04753 
547 3.04978 
548 3.05238 
549 3.05532 
550 3.0586 
551 3.0622 
552 3.06612 
553 3.07035 
554 3.07491 
555 3.07978 
556 3.08497 
557 3.09048 
558 3.09629 
559 3.10242 
560 3.10887 
561 3.11562 
562 3.12268 
563 3.13005 
564 3.13773 
565 3.14571 
566 3.15399 
567 3.16258 
568 3.17147 
569 3.18066 
570 3.19014 
571 3.19992 
572 3.20999 
573 3.22035 
574 3.23101 
575 3.24195 
576 3.25318 
577 3.26469 
578 3.27648 
579 3.28855 
580 3.3009 
581 3.31352 
582 3.32641 
583 3.33957 
584 3.353 
585 3.3667 
586 3.38066 
587 3.39487 
588 3.40934 
589 3.42407 
590 3.43904 
591 3.45427 
592 3.46973 
593 3.48544 
594 3.50139 
595 3.51757 
596 3.53399 
597 3.55063 
598 3.5675 
599 3.58459 
600 3.6019 
601 3.61942 
602 3.63715 
603 3.65509 
604 3.67324 
605 3.69159 
606 3.71013 
607 3.72887 
608 3.7478 
609 3.76692 
610 3.78622 
611 3.8057 
612 3.82535 
613 3.84518 
614 3.86517 
615 3.88533 
616 3.90565 
617 3.92612 
618 3.94674 
619 3.96752 
620 3.98843 
621 4.00948 
622 4.03066 
623 4.05198 
624 4.07341 
625 4.09497 
626 4.11664 
627 4.13842 
628 4.16031 
629 4.1823 
630 4.20438 
631 4.22655 
632 4.24881 
633 4.27115 
634 4.29356 
635 4.31604 
636 4.33858 
637 4.36118 
638 4.38384 
639 4.40654 
640 4.42928 
641 4.45206 
642 4.47487 
643 4.4977 
644 4.52054 
645 4.5434 
646 4.56627 
647 4.58913 
648 4.61199 
649 4.63484 
650 4.65766 
651 4.68046 
652 4.70322 
653 4.72596 
654 4.74865 
655 4.77129 
656 4.79389 
657 4.81643 
658 4.83891 
659 4.86133 
660 4.88368 
661 4.90595 
662 4.92815 
663 4.95026 
664 4.97228 
665 4.9942 
666 5.01603 
667 5.03775 
668 5.05936 
669 5.08085 
670 5.10222 
671 5.12346 
672 5.14457 
673 5.16555 
674 5.18637 
675 5.20705 
676 5.22757 
677 5.24793 
678 5.26813 
679 5.28815 
680 5.30799 
681 5.32764 
682 5.3471 
683 5.36637 
684 5.38543 
685 5.40428 
686 5.42291 
687 5.44132 
688 5.4595 
689 5.47745 
690 5.49515 
691 5.5126 
692 5.5298 
693 5.54674 
694 5.5634 
695 5.57979 
696 5.5959 
697 5.61171 
698 5.62723 
699 5.64245 
700 5.65735 
701 5.67194 
702 5.6862 
703 5.70014 
704 5.71376 
705 5.72705 
706 5.74001 
707 5.75264 
708 5.76494 
709 5.7769 
710 5.78852 
711 5.7998 
712 5.81074 
713 5.82133 
714 5.83158 
715 5.84148 
716 5.85102 
717 5.86022 
718 5.86905 
719 5.87753 
720 5.88565 
721 5.89341 
722 5.9008 
723 5.90782 
724 5.91448 
725 5.92076 
726 5.92668 
727 5.93221 
728 5.93737 
729 5.94215 
730 5.94655 
731 5.95056 
732 5.95419 
733 5.95742 
734 5.96027 
735 5.96272 
736 5.96478 
737 5.96644 
738 5.9677 
739 5.96856 
740 5.96902 
741 5.96907 
742 5.96871 
743 5.96794 
744 5.96676 
745 5.96516 
746 5.96314 
747 5.96071 
748 5.95785 
749 5.95458 
750 5.95087 
751 5.94674 
752 5.94218 
753 5.9372 
754 5.93179 
755 5.92597 
756 5.91973 
757 5.91307 
758 5.90599 
759 5.89851 
760 5.89061 
761 5.88231 
762 5.8736 
763 5.86449 
764 5.85498 
765 5.84507 
766 5.83476 
767 5.82406 
768 5.81297 
769 5.80149 
770 5.78963 
771 5.77739 
772 5.76476 
773 5.75176 
774 5.73838 
775 5.72464 
776 5.71052 
777 5.69604 
778 5.6812 
779 5.666 
780 5.65044 
781 5.63453 
782 5.61827 
783 5.60166 
784 5.58471 
785 5.56742 
786 5.54979 
787 5.53184 
788 5.51355 
789 5.49493 
790 5.476 
791 5.45675 
792 5.43718 
793 5.4173 
794 5.39711 
795 5.37662 
796 5.35584 
797 5.33475 
798 5.31338 
799 5.29172 
800 5.26978 
801 5.24755 
802 5.22506 
803 5.20229 
804 5.17925 
805 5.15596 
806 5.1324 
807 5.1086 
808 5.08454 
809 5.06024 
810 5.03569 
811 5.01091 
812 4.9859 
813 4.96067 
814 4.93521 
815 4.90953 
816 4.88364 
817 4.85754 
818 4.83124 
819 4.80474 
820 4.77805 
821 4.75117 
822 4.72411 
823 4.69687 
824 4.66945 
825 4.64187 
826 4.61412 
827 4.58622 
828 4.55817 
829 4.52997 
830 4.50163 
831 4.47316 
832 4.44455 
833 4.41582 
834 4.38698 
835 4.35802 
836 4.32895 
837 4.29979 
838 4.27052 
839 4.24118 
840 4.21174 
841 4.18224 
842 4.15266 
843 4.12301 
844 4.09331 
845 4.06356 
846 4.03376 
847 4.00393 
848 3.97406 
849 3.94417 
850 3.91425 
851 3.88433 
852 3.85439 
853 3.82445 
854 3.79451 
855 3.76457 
856 3.73463 
857 3.7047 
858 3.67478 
859 3.64487 
860 3.61498 
861 3.58511 
862 3.55526 
863 3.52544 
864 3.49565 
865 3.46589 
866 3.43617 
867 3.40649 
868 3.37686 
869 3.34727 
870 3.31773 
871 3.28825 
872 3.25883 
873 3.22947 
874 3.20018 
875 3.17095 
876 3.1418 
877 3.11273 
878 3.08374 
879 3.05483 
880 3.02601 
881 2.99728 
882 2.96865 
883 2.94012 
884 2.9117 
885 2.88338 
886 2.85517 
887 2.82708 
888 2.79911 
889 2.77127 
890 2.74355 
891 2.71596 
892 2.68851 
893 2.66121 
894 2.63404 
895 2.60703 
896 2.58017 
897 2.55347 
898 2.52693 
899 2.50055 
900 2.47435 
901 2.44832 
902 2.42247 
903 2.39679 
904 2.3713 
905 2.34598 
906 2.32083 
907 2.29587 
908 2.27109 
909 2.24649 
910 2.22207 
911 2.19783 
912 2.17378 
913 2.1499 
914 2.12622 
915 2.10272 
916 2.0794 
917 2.05627 
918 2.03333 
919 2.01057 
920 1.988 
921 1.96562 
922 1.94343 
923 1.92144 
924 1.89963 
925 1.87801 
926 1.85658 
927 1.83535 
928 1.81431 
929 1.79346 
930 1.77281 
931 1.75235 
932 1.73209 
933 1.71202 
934 1.69215 
935 1.67248 
936 1.65301 
937 1.63373 
938 1.61465 
939 1.59577 
940 1.57709 
941 1.55861 
942 1.54033 
943 1.52225 
944 1.50438 
945 1.4867 
946 1.46923 
947 1.45196 
948 1.4349 
949 1.41803 
950 1.40138 
951 1.38492 
952 1.36868 
953 1.35263 
954 1.33679 
955 1.32115 
956 1.30571 
957 1.29046 
958 1.27542 
959 1.26057 
960 1.24592 
961 1.23147 
962 1.2172 
963 1.20313 
964 1.18926 
965 1.17557 
966 1.16207 
967 1.14877 
968 1.13564 
969 1.12271 
970 1.10996 
971 1.09739 
972 1.08501 
973 1.0728 
974 1.06078 
975 1.04893 
976 1.03726 
977 1.02577 
978 1.01445 
979 1.0033 
980 0.992328 
981 0.981523 
982 0.970886 
983 0.960416 
984 0.950112 
985 0.939972 
986 0.929994 
987 0.920177 
988 0.91052 
989 0.90102 
990 0.891676 
991 0.882487 
992 0.873451 
993 0.864566 
994 0.855831 
995 0.847243 
996 0.838801 
997 0.830504 
998 0.822349 
999 0.814334 
1000 0.806459 
1001 0.798721 
1002 0.791119 
1003 0.783651 
1004 0.776318 
1005 0.769118 
1006 0.76205 
1007 0.755113 
1008 0.748305 
1009 0.741626 
1010 0.735074 
1011 0.728649 
1012 0.722349 
1013 0.716173 
1014 0.710121 
1015 0.704189 
1016 0.698379 
1017 0.692687 
1018 0.687114 
1019 0.681658 
1020 0.676317 
1021 0.671091 
1022 0.665977 
1023 0.660975 
1024 0.656084 
1025 0.651302 
1026 0.646627 
1027 0.642059 
1028 0.637596 
1029 0.633237 
1030 0.628979 
1031 0.624823 
1032 0.620766 
1033 0.616806 
1034 0.612943 
1035 0.609176 
1036 0.605501 
1037 0.601919 
1038 0.598427 
1039 0.595024 
1040 0.591708 
1041 0.588478 
1042 0.585332 
1043 0.582268 
1044 0.579286 
1045 0.576383 
1046 0.573558 
1047 0.570808 
1048 0.568133 
1049 0.565531 
1050 0.562999 
1051 0.560537 
1052 0.558144 
1053 0.555819 
1054 0.553562 
1055 0.551373 
1056 0.54925 
1057 0.547194 
1058 0.545205 
1059 0.54328 
1060 0.541421 
1061 0.539627 
1062 0.537897 
1063 0.53623 
1064 0.534627 
1065 0.533087 
1066 0.531608 
1067 0.530192 
1068 0.528837 
1069 0.527542 
1070 0.526307 
1071 0.525132 
1072 0.524016 
1073 0.522959 
1074 0.521959 
1075 0.521017 
1076 0.520131 
1077 0.519302 
1078 0.518529 
1079 0.51781 
1080 0.517146 
1081 0.516536 
1082 0.515979 
1083 0.515475 
1084 0.515023 
1085 0.514622 
1086 0.514272 
1087 0.513972 
1088 0.513722 
1089 0.513521 
1090 0.513367 
1091 0.513262 
1092 0.513203 
1093 0.51319 
1094 0.513223 
1095 0.513301 
1096 0.513423 
1097 0.513588 
1098 0.513796 
1099 0.514046 
1100 0.514337 
1101 0.514669 
1102 0.515041 
1103 0.515454 
1104 0.515907 
1105 0.516399 
1106 0.516931 
1107 0.517502 
1108 0.518112 
1109 0.518762 
1110 0.51945 
1111 0.520177 
1112 0.520942 
1113 0.521745 
1114 0.522586 
1115 0.523464 
1116 0.524381 
1117 0.525334 
1118 0.526324 
1119 0.527351 
1120 0.528414 
1121 0.529514 
1122 0.53065 
1123 0.531821 
1124 0.533028 
1125 0.53427 
1126 0.535547 
1127 0.536859 
1128 0.538206 
1129 0.539586 
1130 0.541001 
1131 0.542449 
1132 0.54393 
1133 0.545445 
1134 0.546993 
1135 0.548573 
1136 0.550185 
1137 0.551829 
1138 0.553505 
1139 0.555213 
1140 0.556951 
1141 0.558721 
1142 0.560521 
1143 0.562351 
1144 0.564211 
1145 0.5661 
1146 0.568019 
1147 0.569967 
1148 0.571943 
1149 0.573948 
1150 0.575981 
1151 0.578042 
1152 0.580129 
1153 0.582244 
1154 0.584385 
1155 0.586551 
1156 0.588744 
1157 0.590961 
1158 0.593202 
1159 0.595468 
1160 0.597758 
1161 0.60007 
1162 0.602405 
1163 0.604763 
1164 0.607142 
1165 0.609542 
1166 0.611963 
1167 0.614404 
1168 0.616865 
1169 0.619345 
1170 0.621844 
1171 0.624361 
1172 0.626896 
1173 0.629447 
1174 0.632016 
1175 0.634601 
1176 0.637201 
1177 0.639816 
1178 0.642446 
1179 0.64509 
1180 0.647748 
1181 0.650418 
1182 0.6531 
1183 0.655795 
1184 0.6585 
1185 0.661217 
1186 0.663943 
1187 0.666679 
1188 0.669424 
1189 0.672177 
1190 0.674938 
1191 0.677706 
1192 0.680481 
1193 0.683262 
1194 0.686048 
1195 0.688839 
1196 0.691635 
1197 0.694433 
1198 0.697235 
1199 0.700039 
1200 0.702845 
1201 0.705652 
1202 0.70846 
1203 0.711267 
1204 0.714074 
1205 0.716879 
1206 0.719682 
1207 0.722482 
1208 0.725279 
1209 0.728073 
1210 0.730861 
1211 0.733645 
1212 0.736422 
1213 0.739193 
1214 0.741957 
1215 0.744713 
1216 0.74746 
1217 0.750198 
1218 0.752926 
1219 0.755644 
1220 0.75835 
1221 0.761044 
1222 0.763726 
1223 0.766394 
1224 0.769048 
1225 0.771687 
1226 0.774311 
1227 0.776919 
1228 0.779509 
1229 0.782082 
1230 0.784637 
1231 0.787172 
1232 0.789688 
1233 0.792183 
1234 0.794656 
1235 0.797108 
1236 0.799536 
1237 0.801941 
1238 0.804322 
1239 0.806677 
1240 0.809006 
1241 0.811309 
1242 0.813584 
1243 0.815831 
1244 0.818049 
1245 0.820237 
1246 0.822394 
1247 0.82452 
1248 0.826613 
1249 0.828674 
1250 0.8307 
1251 0.832692 
1252 0.834649 
1253 0.83657 
1254 0.838456 
1255 0.840305 
1256 0.842118 
1257 0.843895 
1258 0.845634 
1259 0.847336 
1260 0.849 
1261 0.850626 
1262 0.852214 
1263 0.853763 
1264 0.855272 
1265 0.856743 
1266 0.858173 
1267 0.859563 
1268 0.860913 
1269 0.862222 
1270 0.863489 
1271 0.864715 
1272 0.865899 
1273 0.867041 
1274 0.86814 
1275 0.869196 
1276 0.870209 
1277 0.871178 
1278 0.872103 
1279 0.872983 
1280 0.873819 
1281 0.874609 
1282 0.875354 
1283 0.876052 
1284 0.876705 
1285 0.877311 
1286 0.877869 
1287 0.878381 
1288 0.878844 
1289 0.879259 
1290 0.879626 
1291 0.879944 
1292 0.880212 
1293 0.880431 
1294 0.880599 
1295 0.880717 
1296 0.880784 
1297 0.8808 
1298 0.880764 
1299 0.880677 
1300 0.880536 
1301 0.880343 
1302 0.880097 
1303 0.879799 
1304 0.879449 
1305 0.879046 
1306 0.878592 
1307 0.878086 
1308 0.877529 
1309 0.87692 
1310 0.876261 
1311 0.87555 
1312 0.874789 
1313 0.873978 
1314 0.873116 
1315 0.872205 
1316 0.871244 
1317 0.870233 
1318 0.869174 
1319 0.868065 
1320 0.866908 
1321 0.865702 
1322 0.864447 
1323 0.863145 
1324 0.861795 
1325 0.860397 
1326 0.858952 
1327 0.85746 
1328 0.855922 
1329 0.854336 
1330 0.852705 
1331 0.851027 
1332 0.849304 
1333 0.847535 
1334 0.845722 
1335 0.843863 
1336 0.841959 
1337 0.840011 
1338 0.83802 
1339 0.835984 
1340 0.833905 
1341 0.831782 
1342 0.829617 
1343 0.827409 
1344 0.825158 
1345 0.822866 
1346 0.820531 
1347 0.818155 
1348 0.815739 
1349 0.813281 
1350 0.810782 
1351 0.808244 
1352 0.805666 
1353 0.803048 
1354 0.800392 
1355 0.797698 
1356 0.794967 
1357 0.792199 
1358 0.789394 
1359 0.786553 
1360 0.783677 
1361 0.780767 
1362 0.777822 
1363 0.774844 
1364 0.771833 
1365 0.76879 
1366 0.765715 
1367 0.762608 
1368 0.759472 
1369 0.756305 
1370 0.753109 
1371 0.749884 
1372 0.746632 
1373 0.743351 
1374 0.740044 
1375 0.736711 
1376 0.733352 
1377 0.729969 
1378 0.72656 
1379 0.723129 
1380 0.719674 
1381 0.716197 
1382 0.712698 
1383 0.709179 
1384 0.705639 
1385 0.702079 
1386 0.6985 
1387 0.694903 
1388 0.691288 
1389 0.687656 
1390 0.684009 
1391 0.680345 
1392 0.676667 
1393 0.672974 
1394 0.669268 
1395 0.665549 
1396 0.661818 
1397 0.658076 
1398 0.654324 
1399 0.650561 
1400 0.646789 
1401 0.643009 
1402 0.639221 
1403 0.635426 
1404 0.631623 
1405 0.627814 
1406 0.623999 
1407 0.620178 
1408 0.616352 
1409 0.612521 
1410 0.608686 
1411 0.604848 
1412 0.601006 
1413 0.597161 
1414 0.593314 
1415 0.589465 
1416 0.585615 
1417 0.581764 
1418 0.577912 
1419 0.574061 
1420 0.57021 
1421 0.566361 
1422 0.562513 
1423 0.558667 
1424 0.554824 
1425 0.550984 
1426 0.547148 
1427 0.543316 
1428 0.539489 
1429 0.535667 
1430 0.531851 
1431 0.528041 
1432 0.524238 
1433 0.520443 
1434 0.516655 
1435 0.512876 
1436 0.509105 
1437 0.505345 
1438 0.501594 
1439 0.497854 
1440 0.494125 
1441 0.490408 
1442 0.486704 
1443 0.483012 
1444 0.479333 
1445 0.475669 
1446 0.472019 
1447 0.468384 
1448 0.464765 
1449 0.461162 
1450 0.457577 
1451 0.454008 
1452 0.450457 
1453 0.446924 
1454 0.443409 
1455 0.439912 
1456 0.436433 
1457 0.432973 
1458 0.429531 
1459 0.426108 
1460 0.422703 
1461 0.419318 
1462 0.415952 
1463 0.412605 
1464 0.409278 
1465 0.405971 
1466 0.402683 
1467 0.399415 
1468 0.396167 
1469 0.39294 
1470 0.389733 
1471 0.386547 
1472 0.383382 
1473 0.380238 
1474 0.377114 
1475 0.374013 
1476 0.370932 
1477 0.367873 
1478 0.364836 
1479 0.361821 
1480 0.358828 
1481 0.355858 
1482 0.35291 
1483 0.349984 
1484 0.347081 
1485 0.344202 
1486 0.341345 
1487 0.338512 
1488 0.335702 
1489 0.332916 
1490 0.330154 
1491 0.327416 
1492 0.324702 
1493 0.322012 
1494 0.319347 
1495 0.316706 
1496 0.314091 
1497 0.3115 
1498 0.308935 
1499 0.306395 
1500 0.30388 
1501 0.301392 
1502 0.298929 
1503 0.296492 
1504 0.29408 
1505 0.291693 
1506 0.289332 
1507 0.286997 
1508 0.284686 
1509 0.282401 
1510 0.28014 
1511 0.277905 
1512 0.275694 
1513 0.273508 
1514 0.271347 
1515 0.269211 
1516 0.267099 
1517 0.265011 
1518 0.262948 
1519 0.260909 
1520 0.258894 
1521 0.256903 
1522 0.254936 
1523 0.252993 
1524 0.251074 
1525 0.249178 
1526 0.247306 
1527 0.245458 
1528 0.243632 
1529 0.241831 
1530 0.240052 
1531 0.238296 
1532 0.236563 
1533 0.234853 
1534 0.233166 
1535 0.231502 
1536 0.22986 
1537 0.22824 
1538 0.226643 
1539 0.225068 
1540 0.223515 
1541 0.221984 
1542 0.220475 
1543 0.218988 
1544 0.217522 
1545 0.216078 
1546 0.214655 
1547 0.213253 
1548 0.211873 
1549 0.210513 
1550 0.209175 
1551 0.207857 
1552 0.20656 
1553 0.205284 
1554 0.204028 
1555 0.202792 
1556 0.201576 
1557 0.20038 
1558 0.199205 
1559 0.198048 
1560 0.196912 
1561 0.195795 
1562 0.194697 
1563 0.193618 
1564 0.192559 
1565 0.191518 
1566 0.190496 
1567 0.189493 
1568 0.188508 
1569 0.187541 
1570 0.186593 
1571 0.185662 
1572 0.18475 
1573 0.183855 
1574 0.182977 
1575 0.182117 
1576 0.181274 
1577 0.180449 
1578 0.17964 
1579 0.178848 
1580 0.178072 
1581 0.177313 
1582 0.17657 
1583 0.175844 
1584 0.175133 
1585 0.174438 
1586 0.173759 
1587 0.173095 
1588 0.172447 
1589 0.171813 
1590 0.171195 
1591 0.170591 
1592 0.170002 
1593 0.169427 
1594 0.168867 
1595 0.168321 
1596 0.167788 
1597 0.16727 
1598 0.166765 
1599 0.166273 
1600 0.165794 
1601 0.165329 
1602 0.164876 
1603 0.164437 
1604 0.16401 
1605 0.163595 
1606 0.163194 
1607 0.162804 
1608 0.162428 
1609 0.162063 
1610 0.161711 
1611 0.161371 
1612 0.161043 
1613 0.160727 
1614 0.160424 
1615 0.160131 
1616 0.159851 
1617 0.159582 
1618 0.159325 
1619 0.15908 
1620 0.158845 
1621 0.158623 
1622 0.158411 
1623 0.15821 
1624 0.158021 
1625 0.157842 
1626 0.157674 
1627 0.157517 
1628 0.15737 
1629 0.157234 
1630 0.157109 
1631 0.156994 
1632 0.156889 
1633 0.156794 
1634 0.15671 
1635 0.156635 
1636 0.15657 
1637 0.156515 
1638 0.156469 
1639 0.156433 
1640 0.156407 
1641 0.15639 
1642 0.156382 
1643 0.156383 
1644 0.156393 
1645 0.156413 
1646 0.15644 
1647 0.156477 
1648 0.156522 
1649 0.156576 
1650 0.156638 
1651 0.156709 
1652 0.156787 
1653 0.156874 
1654 0.156969 
1655 0.157072 
1656 0.157183 
1657 0.157301 
1658 0.157428 
1659 0.157562 
1660 0.157703 
1661 0.157853 
1662 0.158009 
1663 0.158174 
1664 0.158345 
1665 0.158524 
1666 0.15871 
1667 0.158903 
1668 0.159104 
1669 0.159311 
1670 0.159525 
1671 0.159746 
1672 0.159974 
1673 0.160208 
1674 0.160449 
1675 0.160696 
1676 0.16095 
1677 0.161211 
1678 0.161477 
1679 0.16175 
1680 0.162029 
1681 0.162314 
1682 0.162605 
1683 0.162902 
1684 0.163204 
1685 0.163512 
1686 0.163826 
1687 0.164146 
1688 0.164471 
1689 0.164801 
1690 0.165137 
1691 0.165477 
1692 0.165823 
1693 0.166174 
1694 0.16653 
1695 0.166891 
1696 0.167256 
1697 0.167627 
1698 0.168001 
1699 0.168381 
1700 0.168764 
1701 0.169152 
1702 0.169545 
1703 0.169941 
1704 0.170342 
1705 0.170746 
1706 0.171154 
1707 0.171566 
1708 0.171982 
1709 0.172401 
1710 0.172824 
1711 0.17325 
1712 0.173679 
1713 0.174112 
1714 0.174547 
1715 0.174986 
1716 0.175427 
1717 0.175871 
1718 0.176318 
1719 0.176767 
1720 0.177219 
1721 0.177673 
1722 0.178129 
1723 0.178588 
1724 0.179048 
1725 0.179511 
1726 0.179975 
1727 0.180441 
1728 0.180909 
1729 0.181378 
1730 0.181848 
1731 0.18232 
1732 0.182793 
1733 0.183267 
1734 0.183741 
1735 0.184217 
1736 0.184694 
1737 0.185171 
1738 0.185648 
1739 0.186126 
1740 0.186604 
1741 0.187083 
1742 0.187561 
1743 0.18804 
1744 0.188518 
1745 0.188996 
1746 0.189473 
1747 0.18995 
1748 0.190426 
1749 0.190902 
1750 0.191376 
1751 0.19185 
1752 0.192322 
1753 0.192794 
1754 0.193264 
1755 0.193732 
1756 0.194199 
1757 0.194664 
1758 0.195128 
1759 0.195589 
1760 0.196049 
1761 0.196506 
1762 0.196961 
1763 0.197414 
1764 0.197865 
1765 0.198313 
1766 0.198758 
1767 0.1992 
1768 0.19964 
1769 0.200076 
1770 0.200509 
1771 0.200939 
1772 0.201366 
1773 0.201789 
1774 0.202209 
1775 0.202624 
1776 0.203036 
1777 0.203444 
1778 0.203848 
1779 0.204247 
1780 0.204643 
1781 0.205033 
1782 0.20542 
1783 0.205801 
1784 0.206178 
1785 0.206549 
1786 0.206916 
1787 0.207277 
1788 0.207633 
1789 0.207984 
1790 0.208329 
1791 0.208668 
1792 0.209001 
1793 0.209328 
1794 0.20965 
1795 0.209965 
1796 0.210273 
1797 0.210576 
1798 0.210871 
1799 0.21116 
1800 0.211442 
1801 0.211717 
1802 0.211985 
1803 0.212245 
1804 0.212499 
1805 0.212745 
1806 0.212985 
1807 0.213217 
1808 0.213441 
1809 0.213659 
1810 0.213869 
1811 0.214072 
1812 0.214267 
1813 0.214455 
1814 0.214635 
1815 0.214808 
1816 0.214973 
1817 0.215131 
1818 0.215281 
1819 0.215423 
1820 0.215558 
1821 0.215685 
1822 0.215804 
1823 0.215916 
1824 0.216019 
1825 0.216115 
1826 0.216202 
1827 0.216282 
1828 0.216354 
1829 0.216417 
1830 0.216473 
1831 0.21652 
1832 0.21656 
1833 0.216591 
1834 0.216614 
1835 0.216628 
1836 0.216635 
1837 0.216633 
1838 0.216622 
1839 0.216603 
1840 0.216576 
1841 0.21654 
1842 0.216496 
1843 0.216443 
1844 0.216382 
1845 0.216312 
1846 0.216233 
1847 0.216145 
1848 0.216049 
1849 0.215944 
1850 0.21583 
1851 0.215707 
1852 0.215575 
1853 0.215435 
1854 0.215286 
1855 0.215128 
1856 0.214961 
1857 0.214785 
1858 0.214601 
1859 0.214409 
1860 0.214207 
1861 0.213997 
1862 0.213779 
1863 0.213552 
1864 0.213317 
1865 0.213073 
1866 0.212821 
1867 0.212561 
1868 0.212292 
1869 0.212015 
1870 0.21173 
1871 0.211436 
1872 0.211134 
1873 0.210825 
1874 0.210507 
1875 0.210181 
1876 0.209847 
1877 0.209505 
1878 0.209155 
1879 0.208797 
1880 0.208432 
1881 0.208058 
1882 0.207677 
1883 0.207288 
1884 0.206891 
1885 0.206487 
1886 0.206075 
1887 0.205656 
1888 0.205228 
1889 0.204794 
1890 0.204352 
1891 0.203902 
1892 0.203445 
1893 0.202981 
1894 0.202509 
1895 0.20203 
1896 0.201544 
1897 0.201051 
1898 0.200551 
1899 0.200043 
1900 0.199529 
1901 0.199007 
1902 0.198479 
1903 0.197943 
1904 0.197402 
1905 0.196853 
1906 0.196298 
1907 0.195737 
1908 0.19517 
1909 0.194596 
1910 0.194017 
1911 0.193432 
1912 0.192841 
1913 0.192244 
1914 0.191642 
1915 0.191035 
1916 0.190422 
1917 0.189804 
1918 0.189182 
1919 0.188554 
1920 0.187922 
1921 0.187285 
1922 0.186643 
1923 0.185998 
1924 0.185348 
1925 0.184693 
1926 0.184035 
1927 0.183373 
1928 0.182707 
1929 0.182038 
1930 0.181365 
1931 0.180689 
1932 0.18001 
1933 0.179327 
1934 0.178642 
1935 0.177954 
1936 0.177263 
1937 0.176569 
1938 0.175874 
1939 0.175176 
1940 0.174475 
1941 0.173773 
1942 0.173069 
1943 0.172363 
1944 0.171656 
1945 0.170947 
1946 0.170236 
1947 0.169525 
1948 0.168812 
1949 0.168099 
1950 0.167385 
1951 0.16667 
1952 0.165955 
1953 0.165239 
1954 0.164522 
1955 0.163805 
1956 0.163086 
1957 0.162368 
1958 0.161648 
1959 0.160927 
1960 0.160206 
1961 0.159484 
1962 0.158761 
1963 0.158038 
1964 0.157313 
1965 0.156587 
1966 0.155861 
1967 0.155133 
1968 0.154405 
1969 0.153676 
1970 0.152945 
1971 0.152214 
1972 0.151481 
1973 0.150748 
1974 0.150013 
1975 0.149277 
1976 0.14854 
1977 0.147802 
1978 0.147062 
1979 0.146322 
1980 0.14558 
1981 0.144837 
1982 0.144093 
1983 0.143347 
1984 0.1426 
1985 0.141852 
1986 0.141102 
1987 0.140351 
1988 0.139598 
1989 0.138844 
1990 0.138089 
1991 0.137332 
1992 0.136573 
1993 0.135813 
1994 0.135051 
1995 0.134288 
1996 0.133523 
1997 0.132757 
1998 0.131989 
1999 0.131219 
2000 0.130447 
