2 7.77977e-65 
3 1.55579e-64 
4 2.5927e-64 
5 3.88869e-64 
6 5.44366e-64 
7 7.2577e-64 
8 9.33063e-64 
9 1.16626e-63 
10 1.42535e-63 
11 1.71034e-63 
12 2.02122e-63 
13 2.358e-63 
14 2.72068e-63 
15 3.10926e-63 
16 3.52373e-63 
17 3.96409e-63 
18 4.43034e-63 
19 4.9225e-63 
20 5.44055e-63 
21 5.98452e-63 
22 6.55439e-63 
23 7.15017e-63 
24 7.77186e-63 
25 8.41945e-63 
26 9.09295e-63 
27 9.79234e-63 
28 1.05176e-62 
29 1.12688e-62 
30 1.2046e-62 
31 1.2849e-62 
32 1.3678e-62 
33 1.45328e-62 
34 1.54136e-62 
35 1.63204e-62 
36 1.7253e-62 
37 1.82116e-62 
38 1.91961e-62 
39 2.02065e-62 
40 2.12428e-62 
41 2.23051e-62 
42 2.33933e-62 
43 2.45074e-62 
44 2.56474e-62 
45 2.68133e-62 
46 2.80051e-62 
47 2.92228e-62 
48 3.04664e-62 
49 3.1736e-62 
50 3.30314e-62 
51 3.43527e-62 
52 3.56998e-62 
53 3.70729e-62 
54 3.84718e-62 
55 3.98965e-62 
56 4.13471e-62 
57 4.28236e-62 
58 4.43259e-62 
59 4.5854e-62 
60 4.74079e-62 
61 4.89876e-62 
62 5.05932e-62 
63 5.22245e-62 
64 5.38816e-62 
65 5.55644e-62 
66 5.7273e-62 
67 5.90074e-62 
68 6.07675e-62 
69 6.25533e-62 
70 6.43648e-62 
71 6.6202e-62 
72 6.80649e-62 
73 6.99534e-62 
74 7.18677e-62 
75 7.38075e-62 
76 7.5773e-62 
77 7.77642e-62 
78 7.97809e-62 
79 8.18232e-62 
80 8.38911e-62 
81 8.59846e-62 
82 8.81036e-62 
83 9.02481e-62 
84 9.24182e-62 
85 9.46138e-62 
86 9.68348e-62 
87 9.90814e-62 
88 1.01353e-61 
89 1.03651e-61 
90 1.05974e-61 
91 1.08322e-61 
92 1.10696e-61 
93 1.13095e-61 
94 1.1552e-61 
95 1.1797e-61 
96 1.20445e-61 
97 1.22946e-61 
98 1.25472e-61 
99 1.28023e-61 
100 1.30599e-61 
101 1.33201e-61 
102 1.35829e-61 
103 1.38481e-61 
104 1.41159e-61 
105 1.43862e-61 
106 1.4659e-61 
107 1.49343e-61 
108 1.52122e-61 
109 1.54926e-61 
110 1.57755e-61 
111 1.60609e-61 
112 1.63488e-61 
113 1.66393e-61 
114 1.69323e-61 
115 1.72277e-61 
116 1.75257e-61 
117 1.78263e-61 
118 1.81293e-61 
119 1.84348e-61 
120 1.87428e-61 
121 1.90534e-61 
122 1.93664e-61 
123 1.9682e-61 
124 2.00001e-61 
125 2.03207e-61 
126 2.06437e-61 
127 2.09693e-61 
128 2.12974e-61 
129 2.1628e-61 
130 2.19611e-61 
131 2.22967e-61 
132 2.26348e-61 
133 2.29754e-61 
134 2.33185e-61 
135 2.36641e-61 
136 2.40122e-61 
137 2.43629e-61 
138 2.4716e-61 
139 2.50716e-61 
140 2.54297e-61 
141 2.57903e-61 
142 2.61534e-61 
143 2.6519e-61 
144 2.68872e-61 
145 2.72578e-61 
146 2.76309e-61 
147 2.80065e-61 
148 2.83847e-61 
149 2.87653e-61 
150 2.91484e-61 
151 2.95341e-61 
152 2.99222e-61 
153 3.03128e-61 
154 3.0706e-61 
155 3.11016e-61 
156 3.14998e-61 
157 3.19005e-61 
158 3.23036e-61 
159 3.27093e-61 
160 3.31175e-61 
161 3.35282e-61 
162 3.39415e-61 
163 3.43572e-61 
164 3.47754e-61 
165 3.51962e-61 
166 3.56195e-61 
167 3.60452e-61 
168 3.64736e-61 
169 3.69044e-61 
170 3.73377e-61 
171 3.77736e-61 
172 3.8212e-61 
173 3.86529e-61 
174 3.90963e-61 
175 3.95423e-61 
176 3.99908e-61 
177 4.04418e-61 
178 4.08954e-61 
179 4.13515e-61 
180 4.18101e-61 
181 4.22712e-61 
182 4.27349e-61 
183 4.32011e-61 
184 4.36699e-61 
185 4.41412e-61 
186 4.46151e-61 
187 4.50915e-61 
188 4.55704e-61 
189 4.60519e-61 
190 4.65359e-61 
191 4.70225e-61 
192 4.75117e-61 
193 4.80034e-61 
194 4.84976e-61 
195 4.89944e-61 
196 4.94938e-61 
197 4.99957e-61 
198 5.05002e-61 
199 5.10072e-61 
200 5.15168e-61 
201 5.2029e-61 
202 5.25438e-61 
203 5.30611e-61 
204 5.3581e-61 
205 5.41035e-61 
206 5.46285e-61 
207 5.51561e-61 
208 5.56863e-61 
209 5.6219e-61 
210 5.67544e-61 
211 5.72923e-61 
212 5.78328e-61 
213 5.83759e-61 
214 5.89216e-61 
215 5.94698e-61 
216 6.00206e-61 
217 6.05741e-61 
218 6.11301e-61 
219 6.16887e-61 
220 6.22499e-61 
221 6.28136e-61 
222 6.338e-61 
223 6.3949e-61 
224 6.45205e-61 
225 6.50947e-61 
226 6.56714e-61 
227 6.62508e-61 
228 6.68327e-61 
229 6.74173e-61 
230 6.80044e-61 
231 6.85942e-61 
232 6.91865e-61 
233 6.97814e-61 
234 7.03789e-61 
235 7.09791e-61 
236 7.15818e-61 
237 7.21871e-61 
238 7.2795e-61 
239 7.34055e-61 
240 7.40186e-61 
241 7.46343e-61 
242 7.52526e-61 
243 7.58735e-61 
244 7.64969e-61 
245 7.7123e-61 
246 7.77517e-61 
247 7.83829e-61 
248 7.90167e-61 
249 7.96531e-61 
250 8.02921e-61 
251 8.09337e-61 
252 8.15779e-61 
253 8.22246e-61 
254 8.2874e-61 
255 8.35259e-61 
256 8.41804e-61 
257 8.48374e-61 
258 8.54971e-61 
259 8.61592e-61 
260 8.6824e-61 
261 8.74913e-61 
262 8.81612e-61 
263 8.88337e-61 
264 8.95087e-61 
265 9.01862e-61 
266 9.08663e-61 
267 9.15489e-61 
268 9.22341e-61 
269 9.29218e-61 
270 9.36121e-61 
271 9.43049e-61 
272 9.50002e-61 
273 9.56981e-61 
274 9.63984e-61 
275 9.71013e-61 
276 9.78067e-61 
277 9.85146e-61 
278 9.9225e-61 
279 9.99379e-61 
280 1.00653e-60 
281 1.01371e-60 
282 1.02092e-60 
283 1.02814e-60 
284 1.0354e-60 
285 1.04268e-60 
286 1.04998e-60 
287 1.05731e-60 
288 1.06466e-60 
289 1.07203e-60 
290 1.07943e-60 
291 1.08686e-60 
292 1.09431e-60 
293 1.10178e-60 
294 1.10928e-60 
295 1.1168e-60 
296 1.12434e-60 
297 1.13191e-60 
298 1.13951e-60 
299 1.14712e-60 
300 1.15476e-60 
301 1.16243e-60 
302 1.17011e-60 
303 1.17782e-60 
304 1.18556e-60 
305 1.19332e-60 
306 1.2011e-60 
307 1.2089e-60 
308 1.21673e-60 
309 1.22458e-60 
310 1.23245e-60 
311 1.24035e-60 
312 1.24827e-60 
313 1.25621e-60 
314 1.26418e-60 
315 1.27216e-60 
316 1.28017e-60 
317 1.28821e-60 
318 1.29626e-60 
319 1.30434e-60 
320 1.31244e-60 
321 1.32056e-60 
322 1.32871e-60 
323 1.33687e-60 
324 1.34506e-60 
325 1.35327e-60 
326 1.3615e-60 
327 1.36976e-60 
328 1.37803e-60 
329 1.38633e-60 
330 1.39465e-60 
331 1.40299e-60 
332 1.41135e-60 
333 1.41973e-60 
334 1.42814e-60 
335 1.43656e-60 
336 1.44501e-60 
337 1.45347e-60 
338 1.46196e-60 
339 1.47047e-60 
340 1.479e-60 
341 1.48755e-60 
342 1.49611e-60 
343 1.5047e-60 
344 1.51331e-60 
345 1.52194e-60 
346 1.53059e-60 
347 1.53926e-60 
348 1.54795e-60 
349 1.55666e-60 
350 1.56539e-60 
351 1.57414e-60 
352 1.58291e-60 
353 1.59169e-60 
354 1.6005e-60 
355 1.60933e-60 
356 1.61817e-60 
357 1.62703e-60 
358 1.63592e-60 
359 1.64482e-60 
360 1.65374e-60 
361 1.66268e-60 
362 1.67164e-60 
363 1.68061e-60 
364 1.68961e-60 
365 1.69863e-60 
366 1.70766e-60 
367 1.71671e-60 
368 1.72578e-60 
369 1.73487e-60 
370 1.74398e-60 
371 1.7531e-60 
372 1.76225e-60 
373 1.77141e-60 
374 1.78059e-60 
375 1.78979e-60 
376 1.79901e-60 
377 1.80824e-60 
378 1.8175e-60 
379 1.82677e-60 
380 1.83606e-60 
381 1.84537e-60 
382 1.85469e-60 
383 1.86403e-60 
384 1.8734e-60 
385 1.88277e-60 
386 1.89217e-60 
387 1.90158e-60 
388 1.91102e-60 
389 1.92047e-60 
390 1.92993e-60 
391 1.93942e-60 
392 1.94892e-60 
393 1.95844e-60 
394 1.96797e-60 
395 1.97753e-60 
396 1.9871e-60 
397 1.99669e-60 
398 2.00629e-60 
399 2.01591e-60 
400 2.02555e-60 
401 2.03521e-60 
402 2.04488e-60 
403 2.05457e-60 
404 2.06428e-60 
405 2.07401e-60 
406 2.08375e-60 
407 2.09351e-60 
408 2.10328e-60 
409 2.11308e-60 
410 2.12289e-60 
411 2.13271e-60 
412 2.14256e-60 
413 2.15242e-60 
414 2.1623e-60 
415 2.1722e-60 
416 2.18211e-60 
417 2.19204e-60 
418 2.20199e-60 
419 2.21195e-60 
420 2.22194e-60 
421 2.23194e-60 
422 2.24195e-60 
423 2.25199e-60 
424 2.26204e-60 
425 2.27211e-60 
426 2.2822e-60 
427 2.2923e-60 
428 2.30243e-60 
429 2.31257e-60 
430 2.32272e-60 
431 2.3329e-60 
432 2.34309e-60 
433 2.3533e-60 
434 2.36353e-60 
435 2.37378e-60 
436 2.38405e-60 
437 2.39433e-60 
438 2.40463e-60 
439 2.41495e-60 
440 2.42529e-60 
441 2.43564e-60 
442 2.44602e-60 
443 2.45641e-60 
444 2.46682e-60 
445 2.47725e-60 
446 2.4877e-60 
447 2.49817e-60 
448 2.50865e-60 
449 2.51916e-60 
450 2.52968e-60 
451 2.54022e-60 
452 2.55078e-60 
453 2.56136e-60 
454 2.57196e-60 
455 2.58258e-60 
456 2.59322e-60 
457 2.60387e-60 
458 2.61455e-60 
459 2.62524e-60 
460 2.63596e-60 
461 2.64669e-60 
462 2.65745e-60 
463 2.66822e-60 
464 2.67901e-60 
465 2.68983e-60 
466 2.70066e-60 
467 2.71151e-60 
468 2.72238e-60 
469 2.73327e-60 
470 2.74419e-60 
471 2.75512e-60 
472 2.76607e-60 
473 2.77704e-60 
474 2.78804e-60 
475 2.79905e-60 
476 2.81008e-60 
477 2.82114e-60 
478 2.83221e-60 
479 2.84331e-60 
480 2.85442e-60 
481 2.86556e-60 
482 2.87672e-60 
483 2.8879e-60 
484 2.8991e-60 
485 2.91032e-60 
486 2.92156e-60 
487 2.93283e-60 
488 2.94411e-60 
489 2.95542e-60 
490 2.96675e-60 
491 2.9781e-60 
492 2.98947e-60 
493 3.00087e-60 
494 3.01228e-60 
495 3.02372e-60 
496 3.03518e-60 
497 3.04666e-60 
498 3.05817e-60 
499 3.0697e-60 
500 3.08125e-60 
501 3.09282e-60 
502 3.10442e-60 
503 3.11604e-60 
504 3.12768e-60 
505 3.13934e-60 
506 3.15103e-60 
507 3.16274e-60 
508 3.17448e-60 
509 3.18623e-60 
510 3.19801e-60 
511 3.20981e-60 
512 3.22163e-60 
513 3.23348e-60 
514 3.24535e-60 
515 3.25724e-60 
516 3.26915e-60 
517 3.28109e-60 
518 3.29305e-60 
519 3.30503e-60 
520 3.31704e-60 
521 3.32906e-60 
522 3.34111e-60 
523 3.35319e-60 
524 3.36528e-60 
525 3.3774e-60 
526 3.38954e-60 
527 3.4017e-60 
528 3.41388e-60 
529 3.42609e-60 
530 3.43832e-60 
531 3.45057e-60 
532 3.46284e-60 
533 3.47514e-60 
534 3.48745e-60 
535 3.49979e-60 
536 3.51216e-60 
537 3.52454e-60 
538 3.53695e-60 
539 3.54938e-60 
540 3.56183e-60 
541 3.5743e-60 
542 3.5868e-60 
543 3.59931e-60 
544 3.61185e-60 
545 3.62441e-60 
546 3.63699e-60 
547 3.6496e-60 
548 3.66223e-60 
549 3.67487e-60 
550 3.68754e-60 
551 3.70024e-60 
552 3.71295e-60 
553 3.72568e-60 
554 3.73844e-60 
555 3.75122e-60 
556 3.76401e-60 
557 3.77683e-60 
558 3.78967e-60 
559 3.80253e-60 
560 3.81541e-60 
561 3.82831e-60 
562 3.84123e-60 
563 3.85417e-60 
564 3.86713e-60 
565 3.88011e-60 
566 3.89311e-60 
567 3.90613e-60 
568 3.91916e-60 
569 3.93222e-60 
570 3.94529e-60 
571 3.95838e-60 
572 3.97149e-60 
573 3.98462e-60 
574 3.99777e-60 
575 4.01093e-60 
576 4.02411e-60 
577 4.03731e-60 
578 4.05052e-60 
579 4.06375e-60 
580 4.077e-60 
581 4.09026e-60 
582 4.10354e-60 
583 4.11683e-60 
584 4.13014e-60 
585 4.14347e-60 
586 4.15681e-60 
587 4.17016e-60 
588 4.18353e-60 
589 4.19692e-60 
590 4.21031e-60 
591 4.22373e-60 
592 4.23715e-60 
593 4.25059e-60 
594 4.26404e-60 
595 4.27751e-60 
596 4.29098e-60 
597 4.30447e-60 
598 4.31797e-60 
599 4.33149e-60 
600 4.34501e-60 
601 4.35855e-60 
602 4.37209e-60 
603 4.38565e-60 
604 4.39922e-60 
605 4.4128e-60 
606 4.42638e-60 
607 4.43998e-60 
608 4.45359e-60 
609 4.46721e-60 
610 4.48083e-60 
611 4.49447e-60 
612 4.50811e-60 
613 4.52176e-60 
614 4.53542e-60 
615 4.54909e-60 
616 4.56276e-60 
617 4.57644e-60 
618 4.59013e-60 
619 4.60383e-60 
620 4.61753e-60 
621 4.63124e-60 
622 4.64496e-60 
623 4.65868e-60 
624 4.6724e-60 
625 4.68613e-60 
626 4.69987e-60 
627 4.71361e-60 
628 4.72735e-60 
629 4.7411e-60 
630 4.75485e-60 
631 4.76861e-60 
632 4.78237e-60 
633 4.79613e-60 
634 4.8099e-60 
635 4.82366e-60 
636 4.83743e-60 
637 4.8512e-60 
638 4.86497e-60 
639 4.87875e-60 
640 4.89252e-60 
641 4.90629e-60 
642 4.92007e-60 
643 4.93384e-60 
644 4.94761e-60 
645 4.96139e-60 
646 4.97516e-60 
647 4.98893e-60 
648 5.00269e-60 
649 5.01646e-60 
650 5.03022e-60 
651 5.04398e-60 
652 5.05774e-60 
653 5.07149e-60 
654 5.08525e-60 
655 5.09899e-60 
656 5.11274e-60 
657 5.12648e-60 
658 5.14022e-60 
659 5.15395e-60 
660 5.16768e-60 
661 5.18141e-60 
662 5.19513e-60 
663 5.20885e-60 
664 5.22256e-60 
665 5.23627e-60 
666 5.24998e-60 
667 5.26368e-60 
668 5.27738e-60 
669 5.29107e-60 
670 5.30476e-60 
671 5.31844e-60 
672 5.33212e-60 
673 5.3458e-60 
674 5.35947e-60 
675 5.37313e-60 
676 5.38679e-60 
677 5.40045e-60 
678 5.4141e-60 
679 5.42774e-60 
680 5.44138e-60 
681 5.45501e-60 
682 5.46864e-60 
683 5.48226e-60 
684 5.49588e-60 
685 5.50949e-60 
686 5.5231e-60 
687 5.5367e-60 
688 5.55029e-60 
689 5.56388e-60 
690 5.57746e-60 
691 5.59103e-60 
692 5.6046e-60 
693 5.61817e-60 
694 5.63172e-60 
695 5.64527e-60 
696 5.65882e-60 
697 5.67236e-60 
698 5.68589e-60 
699 5.69941e-60 
700 5.71293e-60 
701 5.72644e-60 
702 5.73994e-60 
703 5.75344e-60 
704 5.76693e-60 
705 5.78042e-60 
706 5.7939e-60 
707 5.80737e-60 
708 5.82084e-60 
709 5.83431e-60 
710 5.84776e-60 
711 5.86122e-60 
712 5.87467e-60 
713 5.88811e-60 
714 5.90155e-60 
715 5.91498e-60 
716 5.92842e-60 
717 5.94184e-60 
718 5.95527e-60 
719 5.96869e-60 
720 5.98211e-60 
721 5.99552e-60 
722 6.00894e-60 
723 6.02235e-60 
724 6.03576e-60 
725 6.04916e-60 
726 6.06257e-60 
727 6.07597e-60 
728 6.08938e-60 
729 6.10278e-60 
730 6.11618e-60 
731 6.12958e-60 
732 6.14298e-60 
733 6.15638e-60 
734 6.16979e-60 
735 6.18319e-60 
736 6.1966e-60 
737 6.21e-60 
738 6.22341e-60 
739 6.23682e-60 
740 6.25023e-60 
741 6.26365e-60 
742 6.27706e-60 
743 6.29049e-60 
744 6.30391e-60 
745 6.31734e-60 
746 6.33077e-60 
747 6.34421e-60 
748 6.35765e-60 
749 6.3711e-60 
750 6.38455e-60 
751 6.39801e-60 
752 6.41148e-60 
753 6.42495e-60 
754 6.43843e-60 
755 6.45191e-60 
756 6.46541e-60 
757 6.47891e-60 
758 6.49241e-60 
759 6.50593e-60 
760 6.51945e-60 
761 6.53299e-60 
762 6.54653e-60 
763 6.56008e-60 
764 6.57364e-60 
765 6.58721e-60 
766 6.60079e-60 
767 6.61438e-60 
768 6.62798e-60 
769 6.64159e-60 
770 6.65522e-60 
771 6.66885e-60 
772 6.6825e-60 
773 6.69616e-60 
774 6.70983e-60 
775 6.72351e-60 
776 6.73721e-60 
777 6.75092e-60 
778 6.76464e-60 
779 6.77838e-60 
780 6.79213e-60 
781 6.8059e-60 
782 6.81968e-60 
783 6.83348e-60 
784 6.8473e-60 
785 6.86113e-60 
786 6.87497e-60 
787 6.88884e-60 
788 6.90272e-60 
789 6.91661e-60 
790 6.93053e-60 
791 6.94446e-60 
792 6.95842e-60 
793 6.97239e-60 
794 6.98638e-60 
795 7.00039e-60 
796 7.01442e-60 
797 7.02848e-60 
798 7.04255e-60 
799 7.05665e-60 
800 7.07076e-60 
801 7.0849e-60 
802 7.09906e-60 
803 7.11324e-60 
804 7.12745e-60 
805 7.14168e-60 
806 7.15593e-60 
807 7.1702e-60 
808 7.18449e-60 
809 7.19881e-60 
810 7.21314e-60 
811 7.2275e-60 
812 7.24188e-60 
813 7.25628e-60 
814 7.2707e-60 
815 7.28515e-60 
816 7.29961e-60 
817 7.3141e-60 
818 7.32861e-60 
819 7.34314e-60 
820 7.35769e-60 
821 7.37226e-60 
822 7.38685e-60 
823 7.40146e-60 
824 7.4161e-60 
825 7.43075e-60 
826 7.44543e-60 
827 7.46012e-60 
828 7.47484e-60 
829 7.48958e-60 
830 7.50433e-60 
831 7.51911e-60 
832 7.53391e-60 
833 7.54872e-60 
834 7.56356e-60 
835 7.57842e-60 
836 7.59329e-60 
837 7.60819e-60 
838 7.62311e-60 
839 7.63804e-60 
840 7.653e-60 
841 7.66797e-60 
842 7.68296e-60 
843 7.69797e-60 
844 7.713e-60 
845 7.72805e-60 
846 7.74312e-60 
847 7.75821e-60 
848 7.77331e-60 
849 7.78844e-60 
850 7.80358e-60 
851 7.81874e-60 
852 7.83392e-60 
853 7.84911e-60 
854 7.86433e-60 
855 7.87955e-60 
856 7.8948e-60 
857 7.91006e-60 
858 7.92533e-60 
859 7.94062e-60 
860 7.95592e-60 
861 7.97124e-60 
862 7.98657e-60 
863 8.00191e-60 
864 8.01726e-60 
865 8.03262e-60 
866 8.048e-60 
867 8.06338e-60 
868 8.07877e-60 
869 8.09418e-60 
870 8.10959e-60 
871 8.12501e-60 
872 8.14043e-60 
873 8.15586e-60 
874 8.1713e-60 
875 8.18675e-60 
876 8.2022e-60 
877 8.21765e-60 
878 8.23311e-60 
879 8.24857e-60 
880 8.26403e-60 
881 8.2795e-60 
882 8.29496e-60 
883 8.31043e-60 
884 8.3259e-60 
885 8.34137e-60 
886 8.35683e-60 
887 8.3723e-60 
888 8.38776e-60 
889 8.40322e-60 
890 8.41867e-60 
891 8.43412e-60 
892 8.44957e-60 
893 8.46501e-60 
894 8.48044e-60 
895 8.49586e-60 
896 8.51128e-60 
897 8.52669e-60 
898 8.54209e-60 
899 8.55748e-60 
900 8.57286e-60 
901 8.58823e-60 
902 8.60358e-60 
903 8.61893e-60 
904 8.63426e-60 
905 8.64957e-60 
906 8.66488e-60 
907 8.68017e-60 
908 8.69544e-60 
909 8.7107e-60 
910 8.72594e-60 
911 8.74117e-60 
912 8.75638e-60 
913 8.77157e-60 
914 8.78674e-60 
915 8.8019e-60 
916 8.81703e-60 
917 8.83215e-60 
918 8.84724e-60 
919 8.86232e-60 
920 8.87737e-60 
921 8.8924e-60 
922 8.90741e-60 
923 8.9224e-60 
924 8.93736e-60 
925 8.9523e-60 
926 8.96722e-60 
927 8.9821e-60 
928 8.99697e-60 
929 9.0118e-60 
930 9.02661e-60 
931 9.04139e-60 
932 9.05614e-60 
933 9.07087e-60 
934 9.08556e-60 
935 9.10023e-60 
936 9.11486e-60 
937 9.12946e-60 
938 9.14403e-60 
939 9.15857e-60 
940 9.17308e-60 
941 9.18755e-60 
942 9.20198e-60 
943 9.21638e-60 
944 9.23075e-60 
945 9.24508e-60 
946 9.25937e-60 
947 9.27362e-60 
948 9.28784e-60 
949 9.30202e-60 
950 9.31615e-60 
951 9.33025e-60 
952 9.34431e-60 
953 9.35832e-60 
954 9.3723e-60 
955 9.38623e-60 
956 9.40013e-60 
957 9.41399e-60 
958 9.4278e-60 
959 9.44158e-60 
960 9.45531e-60 
961 9.46901e-60 
962 9.48267e-60 
963 9.49629e-60 
964 9.50987e-60 
965 9.5234e-60 
966 9.5369e-60 
967 9.55037e-60 
968 9.56379e-60 
969 9.57717e-60 
970 9.59051e-60 
971 9.60382e-60 
972 9.61709e-60 
973 9.63032e-60 
974 9.64351e-60 
975 9.65666e-60 
976 9.66977e-60 
977 9.68285e-60 
978 9.69589e-60 
979 9.70889e-60 
980 9.72185e-60 
981 9.73477e-60 
982 9.74766e-60 
983 9.76051e-60 
984 9.77333e-60 
985 9.7861e-60 
986 9.79884e-60 
987 9.81155e-60 
988 9.82422e-60 
989 9.83685e-60 
990 9.84944e-60 
991 9.862e-60 
992 9.87452e-60 
993 9.88701e-60 
994 9.89946e-60 
995 9.91188e-60 
996 9.92426e-60 
997 9.93661e-60 
998 9.94892e-60 
999 9.96119e-60 
1000 9.97344e-60 
1001 9.98565e-60 
1002 9.99782e-60 
1003 1.001e-59 
1004 1.00221e-59 
1005 1.00341e-59 
1006 1.00462e-59 
1007 1.00582e-59 
1008 1.00702e-59 
1009 1.00822e-59 
1010 1.00941e-59 
1011 1.0106e-59 
1012 1.01179e-59 
1013 1.01297e-59 
1014 1.01415e-59 
1015 1.01533e-59 
1016 1.01651e-59 
1017 1.01769e-59 
1018 1.01886e-59 
1019 1.02003e-59 
1020 1.0212e-59 
1021 1.02236e-59 
1022 1.02353e-59 
1023 1.02469e-59 
1024 1.02585e-59 
1025 1.02701e-59 
1026 1.02817e-59 
1027 1.02932e-59 
1028 1.03048e-59 
1029 1.03163e-59 
1030 1.03278e-59 
1031 1.03393e-59 
1032 1.03508e-59 
1033 1.03623e-59 
1034 1.03737e-59 
1035 1.03852e-59 
1036 1.03966e-59 
1037 1.04081e-59 
1038 1.04195e-59 
1039 1.04309e-59 
1040 1.04424e-59 
1041 1.04538e-59 
1042 1.04652e-59 
1043 1.04766e-59 
1044 1.0488e-59 
1045 1.04994e-59 
1046 1.05108e-59 
1047 1.05222e-59 
1048 1.05336e-59 
1049 1.05451e-59 
1050 1.05565e-59 
1051 1.05679e-59 
1052 1.05793e-59 
1053 1.05908e-59 
1054 1.06022e-59 
1055 1.06137e-59 
1056 1.06251e-59 
1057 1.06366e-59 
1058 1.0648e-59 
1059 1.06595e-59 
1060 1.0671e-59 
1061 1.06825e-59 
1062 1.0694e-59 
1063 1.07055e-59 
1064 1.07171e-59 
1065 1.07286e-59 
1066 1.07402e-59 
1067 1.07517e-59 
1068 1.07633e-59 
1069 1.07749e-59 
1070 1.07865e-59 
1071 1.07981e-59 
1072 1.08098e-59 
1073 1.08214e-59 
1074 1.08331e-59 
1075 1.08448e-59 
1076 1.08565e-59 
1077 1.08682e-59 
1078 1.08799e-59 
1079 1.08917e-59 
1080 1.09034e-59 
1081 1.09152e-59 
1082 1.0927e-59 
1083 1.09389e-59 
1084 1.09507e-59 
1085 1.09626e-59 
1086 1.09745e-59 
1087 1.09864e-59 
1088 1.09984e-59 
1089 1.10104e-59 
1090 1.10224e-59 
1091 1.10344e-59 
1092 1.10464e-59 
1093 1.10585e-59 
1094 1.10706e-59 
1095 1.10828e-59 
1096 1.10949e-59 
1097 1.11071e-59 
1098 1.11193e-59 
1099 1.11316e-59 
1100 1.11439e-59 
1101 1.11562e-59 
1102 1.11685e-59 
1103 1.11809e-59 
1104 1.11933e-59 
1105 1.12057e-59 
1106 1.12182e-59 
1107 1.12307e-59 
1108 1.12432e-59 
1109 1.12557e-59 
1110 1.12683e-59 
1111 1.12809e-59 
1112 1.12936e-59 
1113 1.13062e-59 
1114 1.13189e-59 
1115 1.13316e-59 
1116 1.13443e-59 
1117 1.13571e-59 
1118 1.13699e-59 
1119 1.13827e-59 
1120 1.13955e-59 
1121 1.14084e-59 
1122 1.14213e-59 
1123 1.14342e-59 
1124 1.14471e-59 
1125 1.146e-59 
1126 1.1473e-59 
1127 1.1486e-59 
1128 1.1499e-59 
1129 1.1512e-59 
1130 1.1525e-59 
1131 1.15381e-59 
1132 1.15511e-59 
1133 1.15642e-59 
1134 1.15773e-59 
1135 1.15905e-59 
1136 1.16036e-59 
1137 1.16167e-59 
1138 1.16299e-59 
1139 1.16431e-59 
1140 1.16563e-59 
1141 1.16695e-59 
1142 1.16827e-59 
1143 1.16959e-59 
1144 1.17092e-59 
1145 1.17224e-59 
1146 1.17357e-59 
1147 1.17489e-59 
1148 1.17622e-59 
1149 1.17755e-59 
1150 1.17888e-59 
1151 1.18021e-59 
1152 1.18154e-59 
1153 1.18287e-59 
1154 1.1842e-59 
1155 1.18553e-59 
1156 1.18686e-59 
1157 1.18819e-59 
1158 1.18952e-59 
1159 1.19085e-59 
1160 1.19218e-59 
1161 1.19351e-59 
1162 1.19484e-59 
1163 1.19617e-59 
1164 1.1975e-59 
1165 1.19883e-59 
1166 1.20016e-59 
1167 1.20148e-59 
1168 1.20281e-59 
1169 1.20413e-59 
1170 1.20545e-59 
1171 1.20677e-59 
1172 1.20809e-59 
1173 1.20941e-59 
1174 1.21072e-59 
1175 1.21204e-59 
1176 1.21335e-59 
1177 1.21466e-59 
1178 1.21596e-59 
1179 1.21727e-59 
1180 1.21857e-59 
1181 1.21987e-59 
1182 1.22116e-59 
1183 1.22246e-59 
1184 1.22375e-59 
1185 1.22503e-59 
1186 1.22632e-59 
1187 1.2276e-59 
1188 1.22887e-59 
1189 1.23015e-59 
1190 1.23141e-59 
1191 1.23268e-59 
1192 1.23394e-59 
1193 1.2352e-59 
1194 1.23645e-59 
1195 1.2377e-59 
1196 1.23894e-59 
1197 1.24018e-59 
1198 1.24141e-59 
1199 1.24264e-59 
1200 1.24386e-59 
1201 1.24508e-59 
1202 1.24629e-59 
1203 1.2475e-59 
1204 1.2487e-59 
1205 1.2499e-59 
1206 1.25109e-59 
1207 1.25228e-59 
1208 1.25345e-59 
1209 1.25463e-59 
1210 1.2558e-59 
1211 1.25696e-59 
1212 1.25812e-59 
1213 1.25927e-59 
1214 1.26041e-59 
1215 1.26155e-59 
1216 1.26268e-59 
1217 1.26381e-59 
1218 1.26493e-59 
1219 1.26604e-59 
1220 1.26715e-59 
1221 1.26825e-59 
1222 1.26934e-59 
1223 1.27043e-59 
1224 1.27151e-59 
1225 1.27259e-59 
1226 1.27366e-59 
1227 1.27472e-59 
1228 1.27577e-59 
1229 1.27682e-59 
1230 1.27786e-59 
1231 1.2789e-59 
1232 1.27992e-59 
1233 1.28094e-59 
1234 1.28196e-59 
1235 1.28296e-59 
1236 1.28396e-59 
1237 1.28495e-59 
1238 1.28594e-59 
1239 1.28691e-59 
1240 1.28788e-59 
1241 1.28885e-59 
1242 1.2898e-59 
1243 1.29075e-59 
1244 1.29169e-59 
1245 1.29262e-59 
1246 1.29354e-59 
1247 1.29446e-59 
1248 1.29536e-59 
1249 1.29626e-59 
1250 1.29716e-59 
1251 1.29804e-59 
1252 1.29891e-59 
1253 1.29978e-59 
1254 1.30064e-59 
1255 1.30149e-59 
1256 1.30234e-59 
1257 1.30317e-59 
1258 1.304e-59 
1259 1.30482e-59 
1260 1.30564e-59 
1261 1.30644e-59 
1262 1.30724e-59 
1263 1.30804e-59 
1264 1.30882e-59 
1265 1.3096e-59 
1266 1.31037e-59 
1267 1.31113e-59 
1268 1.31189e-59 
1269 1.31264e-59 
1270 1.31338e-59 
1271 1.31412e-59 
1272 1.31485e-59 
1273 1.31557e-59 
1274 1.31629e-59 
1275 1.317e-59 
1276 1.3177e-59 
1277 1.3184e-59 
1278 1.31909e-59 
1279 1.31978e-59 
1280 1.32046e-59 
1281 1.32113e-59 
1282 1.3218e-59 
1283 1.32246e-59 
1284 1.32312e-59 
1285 1.32377e-59 
1286 1.32442e-59 
1287 1.32506e-59 
1288 1.3257e-59 
1289 1.32633e-59 
1290 1.32695e-59 
1291 1.32758e-59 
1292 1.32819e-59 
1293 1.3288e-59 
1294 1.32941e-59 
1295 1.33001e-59 
1296 1.33061e-59 
1297 1.3312e-59 
1298 1.33179e-59 
1299 1.33238e-59 
1300 1.33296e-59 
1301 1.33353e-59 
1302 1.33411e-59 
1303 1.33468e-59 
1304 1.33524e-59 
1305 1.3358e-59 
1306 1.33636e-59 
1307 1.33692e-59 
1308 1.33747e-59 
1309 1.33802e-59 
1310 1.33857e-59 
1311 1.33911e-59 
1312 1.33965e-59 
1313 1.34019e-59 
1314 1.34073e-59 
1315 1.34126e-59 
1316 1.34179e-59 
1317 1.34232e-59 
1318 1.34285e-59 
1319 1.34338e-59 
1320 1.3439e-59 
1321 1.34442e-59 
1322 1.34495e-59 
1323 1.34547e-59 
1324 1.34599e-59 
1325 1.34651e-59 
1326 1.34703e-59 
1327 1.34754e-59 
1328 1.34806e-59 
1329 1.34858e-59 
1330 1.3491e-59 
1331 1.34961e-59 
1332 1.35013e-59 
1333 1.35065e-59 
1334 1.35117e-59 
1335 1.35168e-59 
1336 1.3522e-59 
1337 1.35272e-59 
1338 1.35324e-59 
1339 1.35377e-59 
1340 1.35429e-59 
1341 1.35482e-59 
1342 1.35534e-59 
1343 1.35587e-59 
1344 1.3564e-59 
1345 1.35693e-59 
1346 1.35747e-59 
1347 1.35801e-59 
1348 1.35855e-59 
1349 1.35909e-59 
1350 1.35964e-59 
1351 1.36018e-59 
1352 1.36074e-59 
1353 1.36129e-59 
1354 1.36185e-59 
1355 1.36241e-59 
1356 1.36298e-59 
1357 1.36354e-59 
1358 1.36411e-59 
1359 1.36469e-59 
1360 1.36527e-59 
1361 1.36585e-59 
1362 1.36643e-59 
1363 1.36702e-59 
1364 1.36761e-59 
1365 1.36821e-59 
1366 1.3688e-59 
1367 1.36941e-59 
1368 1.37001e-59 
1369 1.37062e-59 
1370 1.37123e-59 
1371 1.37185e-59 
1372 1.37247e-59 
1373 1.3731e-59 
1374 1.37372e-59 
1375 1.37436e-59 
1376 1.37499e-59 
1377 1.37563e-59 
1378 1.37627e-59 
1379 1.37692e-59 
1380 1.37757e-59 
1381 1.37823e-59 
1382 1.37889e-59 
1383 1.37955e-59 
1384 1.38022e-59 
1385 1.38089e-59 
1386 1.38157e-59 
1387 1.38225e-59 
1388 1.38293e-59 
1389 1.38362e-59 
1390 1.38432e-59 
1391 1.38501e-59 
1392 1.38572e-59 
1393 1.38642e-59 
1394 1.38713e-59 
1395 1.38785e-59 
1396 1.38857e-59 
1397 1.38929e-59 
1398 1.39002e-59 
1399 1.39076e-59 
1400 1.39149e-59 
1401 1.39224e-59 
1402 1.39299e-59 
1403 1.39374e-59 
1404 1.39449e-59 
1405 1.39525e-59 
1406 1.39602e-59 
1407 1.39679e-59 
1408 1.39756e-59 
1409 1.39834e-59 
1410 1.39912e-59 
1411 1.3999e-59 
1412 1.40069e-59 
1413 1.40148e-59 
1414 1.40228e-59 
1415 1.40308e-59 
1416 1.40388e-59 
1417 1.40468e-59 
1418 1.40549e-59 
1419 1.40629e-59 
1420 1.40711e-59 
1421 1.40792e-59 
1422 1.40874e-59 
1423 1.40956e-59 
1424 1.41038e-59 
1425 1.4112e-59 
1426 1.41202e-59 
1427 1.41285e-59 
1428 1.41368e-59 
1429 1.41451e-59 
1430 1.41534e-59 
1431 1.41617e-59 
1432 1.417e-59 
1433 1.41783e-59 
1434 1.41867e-59 
1435 1.4195e-59 
1436 1.42034e-59 
1437 1.42118e-59 
1438 1.42201e-59 
1439 1.42285e-59 
1440 1.42369e-59 
1441 1.42452e-59 
1442 1.42536e-59 
1443 1.42619e-59 
1444 1.42703e-59 
1445 1.42786e-59 
1446 1.4287e-59 
1447 1.42953e-59 
1448 1.43036e-59 
1449 1.43119e-59 
1450 1.43202e-59 
1451 1.43285e-59 
1452 1.43368e-59 
1453 1.4345e-59 
1454 1.43532e-59 
1455 1.43614e-59 
1456 1.43696e-59 
1457 1.43777e-59 
1458 1.43859e-59 
1459 1.4394e-59 
1460 1.44021e-59 
1461 1.44101e-59 
1462 1.44181e-59 
1463 1.44261e-59 
1464 1.44341e-59 
1465 1.4442e-59 
1466 1.44499e-59 
1467 1.44577e-59 
1468 1.44655e-59 
1469 1.44733e-59 
1470 1.4481e-59 
1471 1.44886e-59 
1472 1.44963e-59 
1473 1.45039e-59 
1474 1.45114e-59 
1475 1.45189e-59 
1476 1.45263e-59 
1477 1.45337e-59 
1478 1.4541e-59 
1479 1.45483e-59 
1480 1.45555e-59 
1481 1.45626e-59 
1482 1.45697e-59 
1483 1.45768e-59 
1484 1.45837e-59 
1485 1.45906e-59 
1486 1.45974e-59 
1487 1.46042e-59 
1488 1.46109e-59 
1489 1.46175e-59 
1490 1.46241e-59 
1491 1.46305e-59 
1492 1.46369e-59 
1493 1.46432e-59 
1494 1.46495e-59 
1495 1.46556e-59 
1496 1.46617e-59 
1497 1.46677e-59 
1498 1.46735e-59 
1499 1.46793e-59 
1500 1.46851e-59 
1501 1.46907e-59 
1502 1.46962e-59 
1503 1.47016e-59 
1504 1.4707e-59 
1505 1.47122e-59 
1506 1.47174e-59 
1507 1.47224e-59 
1508 1.47274e-59 
1509 1.47323e-59 
1510 1.47371e-59 
1511 1.47417e-59 
1512 1.47463e-59 
1513 1.47508e-59 
1514 1.47553e-59 
1515 1.47596e-59 
1516 1.47638e-59 
1517 1.47679e-59 
1518 1.4772e-59 
1519 1.47759e-59 
1520 1.47797e-59 
1521 1.47835e-59 
1522 1.47872e-59 
1523 1.47907e-59 
1524 1.47942e-59 
1525 1.47976e-59 
1526 1.48009e-59 
1527 1.48041e-59 
1528 1.48072e-59 
1529 1.48102e-59 
1530 1.48131e-59 
1531 1.48159e-59 
1532 1.48187e-59 
1533 1.48213e-59 
1534 1.48238e-59 
1535 1.48263e-59 
1536 1.48286e-59 
1537 1.48309e-59 
1538 1.48331e-59 
1539 1.48351e-59 
1540 1.48371e-59 
1541 1.4839e-59 
1542 1.48408e-59 
1543 1.48425e-59 
1544 1.48441e-59 
1545 1.48456e-59 
1546 1.48471e-59 
1547 1.48484e-59 
1548 1.48496e-59 
1549 1.48508e-59 
1550 1.48518e-59 
1551 1.48528e-59 
1552 1.48536e-59 
1553 1.48544e-59 
1554 1.48551e-59 
1555 1.48557e-59 
1556 1.48562e-59 
1557 1.48566e-59 
1558 1.48569e-59 
1559 1.48572e-59 
1560 1.48574e-59 
1561 1.48575e-59 
1562 1.48575e-59 
1563 1.48575e-59 
1564 1.48573e-59 
1565 1.48571e-59 
1566 1.48569e-59 
1567 1.48565e-59 
1568 1.48561e-59 
1569 1.48556e-59 
1570 1.48551e-59 
1571 1.48545e-59 
1572 1.48538e-59 
1573 1.48531e-59 
1574 1.48523e-59 
1575 1.48515e-59 
1576 1.48506e-59 
1577 1.48497e-59 
1578 1.48487e-59 
1579 1.48476e-59 
1580 1.48465e-59 
1581 1.48454e-59 
1582 1.48442e-59 
1583 1.48429e-59 
1584 1.48417e-59 
1585 1.48404e-59 
1586 1.4839e-59 
1587 1.48376e-59 
1588 1.48362e-59 
1589 1.48347e-59 
1590 1.48332e-59 
1591 1.48317e-59 
1592 1.48302e-59 
1593 1.48286e-59 
1594 1.4827e-59 
1595 1.48254e-59 
1596 1.48238e-59 
1597 1.48221e-59 
1598 1.48204e-59 
1599 1.48187e-59 
1600 1.4817e-59 
1601 1.48153e-59 
1602 1.48136e-59 
1603 1.48119e-59 
1604 1.48101e-59 
1605 1.48084e-59 
1606 1.48067e-59 
1607 1.48049e-59 
1608 1.48031e-59 
1609 1.48014e-59 
1610 1.47996e-59 
1611 1.47979e-59 
1612 1.47961e-59 
1613 1.47944e-59 
1614 1.47927e-59 
1615 1.47909e-59 
1616 1.47892e-59 
1617 1.47875e-59 
1618 1.47858e-59 
1619 1.47841e-59 
1620 1.47825e-59 
1621 1.47808e-59 
1622 1.47792e-59 
1623 1.47776e-59 
1624 1.4776e-59 
1625 1.47744e-59 
1626 1.47728e-59 
1627 1.47713e-59 
1628 1.47698e-59 
1629 1.47684e-59 
1630 1.47669e-59 
1631 1.47655e-59 
1632 1.47641e-59 
1633 1.47628e-59 
1634 1.47615e-59 
1635 1.47602e-59 
1636 1.4759e-59 
1637 1.47578e-59 
1638 1.47567e-59 
1639 1.47556e-59 
1640 1.47545e-59 
1641 1.47535e-59 
1642 1.47525e-59 
1643 1.47516e-59 
1644 1.47508e-59 
1645 1.475e-59 
1646 1.47492e-59 
1647 1.47485e-59 
1648 1.47479e-59 
1649 1.47473e-59 
1650 1.47468e-59 
1651 1.47463e-59 
1652 1.4746e-59 
1653 1.47456e-59 
1654 1.47454e-59 
1655 1.47452e-59 
1656 1.4745e-59 
1657 1.47449e-59 
1658 1.47449e-59 
1659 1.47449e-59 
1660 1.4745e-59 
1661 1.47452e-59 
1662 1.47454e-59 
1663 1.47457e-59 
1664 1.4746e-59 
1665 1.47464e-59 
1666 1.47469e-59 
1667 1.47474e-59 
1668 1.47479e-59 
1669 1.47485e-59 
1670 1.47492e-59 
1671 1.47499e-59 
1672 1.47507e-59 
1673 1.47516e-59 
1674 1.47525e-59 
1675 1.47534e-59 
1676 1.47544e-59 
1677 1.47555e-59 
1678 1.47566e-59 
1679 1.47577e-59 
1680 1.47589e-59 
1681 1.47602e-59 
1682 1.47615e-59 
1683 1.47629e-59 
1684 1.47643e-59 
1685 1.47658e-59 
1686 1.47673e-59 
1687 1.47688e-59 
1688 1.47704e-59 
1689 1.47721e-59 
1690 1.47738e-59 
1691 1.47755e-59 
1692 1.47773e-59 
1693 1.47792e-59 
1694 1.47811e-59 
1695 1.4783e-59 
1696 1.4785e-59 
1697 1.4787e-59 
1698 1.47891e-59 
1699 1.47912e-59 
1700 1.47933e-59 
1701 1.47955e-59 
1702 1.47978e-59 
1703 1.48e-59 
1704 1.48023e-59 
1705 1.48047e-59 
1706 1.48071e-59 
1707 1.48095e-59 
1708 1.48119e-59 
1709 1.48144e-59 
1710 1.48169e-59 
1711 1.48194e-59 
1712 1.4822e-59 
1713 1.48245e-59 
1714 1.48271e-59 
1715 1.48297e-59 
1716 1.48323e-59 
1717 1.4835e-59 
1718 1.48376e-59 
1719 1.48403e-59 
1720 1.48429e-59 
1721 1.48456e-59 
1722 1.48483e-59 
1723 1.4851e-59 
1724 1.48537e-59 
1725 1.48563e-59 
1726 1.4859e-59 
1727 1.48617e-59 
1728 1.48644e-59 
1729 1.4867e-59 
1730 1.48697e-59 
1731 1.48723e-59 
1732 1.48749e-59 
1733 1.48776e-59 
1734 1.48802e-59 
1735 1.48827e-59 
1736 1.48853e-59 
1737 1.48878e-59 
1738 1.48903e-59 
1739 1.48928e-59 
1740 1.48952e-59 
1741 1.48976e-59 
1742 1.49e-59 
1743 1.49024e-59 
1744 1.49047e-59 
1745 1.49069e-59 
1746 1.49092e-59 
1747 1.49114e-59 
1748 1.49135e-59 
1749 1.49156e-59 
1750 1.49176e-59 
1751 1.49196e-59 
1752 1.49215e-59 
1753 1.49234e-59 
1754 1.49252e-59 
1755 1.4927e-59 
1756 1.49287e-59 
1757 1.49304e-59 
1758 1.49319e-59 
1759 1.49335e-59 
1760 1.49349e-59 
1761 1.49363e-59 
1762 1.49377e-59 
1763 1.4939e-59 
1764 1.49402e-59 
1765 1.49413e-59 
1766 1.49424e-59 
1767 1.49434e-59 
1768 1.49443e-59 
1769 1.49452e-59 
1770 1.49459e-59 
1771 1.49467e-59 
1772 1.49473e-59 
1773 1.49478e-59 
1774 1.49483e-59 
1775 1.49487e-59 
1776 1.4949e-59 
1777 1.49493e-59 
1778 1.49494e-59 
1779 1.49495e-59 
1780 1.49495e-59 
1781 1.49494e-59 
1782 1.49492e-59 
1783 1.49489e-59 
1784 1.49485e-59 
1785 1.49481e-59 
1786 1.49475e-59 
1787 1.49469e-59 
1788 1.49461e-59 
1789 1.49453e-59 
1790 1.49444e-59 
1791 1.49433e-59 
1792 1.49422e-59 
1793 1.4941e-59 
1794 1.49396e-59 
1795 1.49382e-59 
1796 1.49367e-59 
1797 1.4935e-59 
1798 1.49332e-59 
1799 1.49314e-59 
1800 1.49294e-59 
1801 1.49273e-59 
1802 1.49251e-59 
1803 1.49228e-59 
1804 1.49204e-59 
1805 1.49178e-59 
1806 1.49152e-59 
1807 1.49125e-59 
1808 1.49096e-59 
1809 1.49067e-59 
1810 1.49036e-59 
1811 1.49004e-59 
1812 1.48972e-59 
1813 1.48938e-59 
1814 1.48903e-59 
1815 1.48868e-59 
1816 1.48831e-59 
1817 1.48793e-59 
1818 1.48755e-59 
1819 1.48715e-59 
1820 1.48674e-59 
1821 1.48633e-59 
1822 1.4859e-59 
1823 1.48547e-59 
1824 1.48502e-59 
1825 1.48457e-59 
1826 1.48411e-59 
1827 1.48364e-59 
1828 1.48316e-59 
1829 1.48267e-59 
1830 1.48217e-59 
1831 1.48166e-59 
1832 1.48115e-59 
1833 1.48062e-59 
1834 1.48009e-59 
1835 1.47955e-59 
1836 1.479e-59 
1837 1.47845e-59 
1838 1.47788e-59 
1839 1.47731e-59 
1840 1.47673e-59 
1841 1.47614e-59 
1842 1.47554e-59 
1843 1.47494e-59 
1844 1.47433e-59 
1845 1.47371e-59 
1846 1.47308e-59 
1847 1.47245e-59 
1848 1.47181e-59 
1849 1.47116e-59 
1850 1.4705e-59 
1851 1.46984e-59 
1852 1.46917e-59 
1853 1.4685e-59 
1854 1.46782e-59 
1855 1.46713e-59 
1856 1.46644e-59 
1857 1.46574e-59 
1858 1.46503e-59 
1859 1.46432e-59 
1860 1.46361e-59 
1861 1.46289e-59 
1862 1.46216e-59 
1863 1.46143e-59 
1864 1.4607e-59 
1865 1.45996e-59 
1866 1.45922e-59 
1867 1.45847e-59 
1868 1.45772e-59 
1869 1.45697e-59 
1870 1.45621e-59 
1871 1.45545e-59 
1872 1.45469e-59 
1873 1.45392e-59 
1874 1.45315e-59 
1875 1.45238e-59 
1876 1.45161e-59 
1877 1.45084e-59 
1878 1.45006e-59 
1879 1.44928e-59 
1880 1.4485e-59 
1881 1.44772e-59 
1882 1.44694e-59 
1883 1.44616e-59 
1884 1.44537e-59 
1885 1.44459e-59 
1886 1.44381e-59 
1887 1.44302e-59 
1888 1.44224e-59 
1889 1.44146e-59 
1890 1.44068e-59 
1891 1.43989e-59 
1892 1.43912e-59 
1893 1.43834e-59 
1894 1.43756e-59 
1895 1.43678e-59 
1896 1.43601e-59 
1897 1.43524e-59 
1898 1.43447e-59 
1899 1.43371e-59 
1900 1.43294e-59 
1901 1.43218e-59 
1902 1.43143e-59 
1903 1.43067e-59 
1904 1.42992e-59 
1905 1.42918e-59 
1906 1.42843e-59 
1907 1.42769e-59 
1908 1.42696e-59 
1909 1.42623e-59 
1910 1.4255e-59 
1911 1.42477e-59 
1912 1.42405e-59 
1913 1.42334e-59 
1914 1.42263e-59 
1915 1.42192e-59 
1916 1.42122e-59 
1917 1.42052e-59 
1918 1.41983e-59 
1919 1.41914e-59 
1920 1.41846e-59 
1921 1.41778e-59 
1922 1.41711e-59 
1923 1.41644e-59 
1924 1.41578e-59 
1925 1.41512e-59 
1926 1.41447e-59 
1927 1.41383e-59 
1928 1.41319e-59 
1929 1.41256e-59 
1930 1.41193e-59 
1931 1.41131e-59 
1932 1.4107e-59 
1933 1.41009e-59 
1934 1.40949e-59 
1935 1.40889e-59 
1936 1.40831e-59 
1937 1.40772e-59 
1938 1.40715e-59 
1939 1.40658e-59 
1940 1.40602e-59 
1941 1.40547e-59 
1942 1.40493e-59 
1943 1.40439e-59 
1944 1.40386e-59 
1945 1.40334e-59 
1946 1.40282e-59 
1947 1.40232e-59 
1948 1.40182e-59 
1949 1.40133e-59 
1950 1.40085e-59 
1951 1.40037e-59 
1952 1.39991e-59 
1953 1.39945e-59 
1954 1.399e-59 
1955 1.39856e-59 
1956 1.39813e-59 
1957 1.3977e-59 
1958 1.39728e-59 
1959 1.39687e-59 
1960 1.39646e-59 
1961 1.39606e-59 
1962 1.39567e-59 
1963 1.39528e-59 
1964 1.3949e-59 
1965 1.39452e-59 
1966 1.39415e-59 
1967 1.39378e-59 
1968 1.39342e-59 
1969 1.39307e-59 
1970 1.39271e-59 
1971 1.39237e-59 
1972 1.39202e-59 
1973 1.39168e-59 
1974 1.39135e-59 
1975 1.39101e-59 
1976 1.39069e-59 
1977 1.39036e-59 
1978 1.39003e-59 
1979 1.38971e-59 
1980 1.38939e-59 
1981 1.38908e-59 
1982 1.38876e-59 
1983 1.38845e-59 
1984 1.38814e-59 
1985 1.38782e-59 
1986 1.38751e-59 
1987 1.3872e-59 
1988 1.3869e-59 
1989 1.38659e-59 
1990 1.38628e-59 
1991 1.38597e-59 
1992 1.38566e-59 
1993 1.38535e-59 
1994 1.38503e-59 
1995 1.38472e-59 
1996 1.38441e-59 
1997 1.38409e-59 
1998 1.38377e-59 
1999 1.38345e-59 
2000 1.38313e-59 
