2 9.76041e+45 
3 4.12334e+45 
4 2.25893e+45 
5 1.4342e+45 
6 9.93286e+44 
7 7.28762e+44 
8 5.57242e+44 
9 4.52565e+44 
10 3.55338e+44 
11 2.86946e+44 
12 2.45427e+44 
13 2.11444e+44 
14 1.81187e+44 
15 1.55335e+44 
16 1.33061e+44 
17 1.14939e+44 
18 1.01445e+44 
19 9.20867e+43 
20 8.52054e+43 
21 7.85157e+43 
22 7.16735e+43 
23 6.49384e+43 
24 5.8563e+43 
25 5.27855e+43 
26 4.77989e+43 
27 4.36517e+43 
28 4.02888e+43 
29 3.75619e+43 
30 3.52191e+43 
31 3.29761e+43 
32 3.07956e+43 
33 2.87082e+43 
34 2.67385e+43 
35 2.49047e+43 
36 2.32177e+43 
37 2.16797e+43 
38 2.02841e+43 
39 1.90138e+43 
40 1.78408e+43 
41 1.67348e+43 
42 1.56952e+43 
43 1.47278e+43 
44 1.38362e+43 
45 1.30212e+43 
46 1.22809e+43 
47 1.16104e+43 
48 1.10013e+43 
49 1.04419e+43 
50 9.91665e+42 
51 9.41027e+42 
52 8.92125e+42 
53 8.45156e+42 
54 8.00274e+42 
55 7.57582e+42 
56 7.17132e+42 
57 6.78921e+42 
58 6.42887e+42 
59 6.08904e+42 
60 5.7678e+42 
61 5.46315e+42 
62 5.175e+42 
63 4.90357e+42 
64 4.64877e+42 
65 4.4102e+42 
66 4.18714e+42 
67 3.97852e+42 
68 3.7829e+42 
69 3.59845e+42 
70 3.42296e+42 
71 3.25433e+42 
72 3.09233e+42 
73 2.93714e+42 
74 2.78888e+42 
75 2.64756e+42 
76 2.51312e+42 
77 2.38537e+42 
78 2.26406e+42 
79 2.14881e+42 
80 2.03912e+42 
81 1.93453e+42 
82 1.83495e+42 
83 1.74035e+42 
84 1.65065e+42 
85 1.56573e+42 
86 1.48541e+42 
87 1.40942e+42 
88 1.33747e+42 
89 1.26919e+42 
90 1.20414e+42 
91 1.14191e+42 
92 1.0824e+42 
93 1.02559e+42 
94 9.71441e+41 
95 9.19867e+41 
96 8.70773e+41 
97 8.24035e+41 
98 7.79502e+41 
99 7.36995e+41 
100 6.96306e+41 
101 6.57248e+41 
102 6.19806e+41 
103 5.84007e+41 
104 5.49868e+41 
105 5.174e+41 
106 4.86603e+41 
107 4.5747e+41 
108 4.29985e+41 
109 4.04123e+41 
110 3.79848e+41 
111 3.57115e+41 
112 3.35869e+41 
113 3.16045e+41 
114 2.97565e+41 
115 2.80343e+41 
116 2.64279e+41 
117 2.49264e+41 
118 2.35175e+41 
119 2.21879e+41 
120 2.09228e+41 
121 1.97091e+41 
122 1.85449e+41 
123 1.74305e+41 
124 1.63664e+41 
125 1.53527e+41 
126 1.43895e+41 
127 1.34765e+41 
128 1.26136e+41 
129 1.18002e+41 
130 1.10355e+41 
131 1.03188e+41 
132 9.6488e+40 
133 9.02434e+40 
134 8.44389e+40 
135 7.90572e+40 
136 7.4079e+40 
137 6.94828e+40 
138 6.52447e+40 
139 6.13386e+40 
140 5.77359e+40 
141 5.44108e+40 
142 5.13556e+40 
143 4.8567e+40 
144 4.60406e+40 
145 4.37714e+40 
146 4.17536e+40 
147 3.99803e+40 
148 3.8444e+40 
149 3.71361e+40 
150 3.60472e+40 
151 3.5167e+40 
152 3.44841e+40 
153 3.39865e+40 
154 3.36607e+40 
155 3.34926e+40 
156 3.3467e+40 
157 3.35676e+40 
158 3.37771e+40 
159 3.40771e+40 
160 3.44481e+40 
161 3.48729e+40 
162 3.5347e+40 
163 3.58689e+40 
164 3.6437e+40 
165 3.70497e+40 
166 3.77051e+40 
167 3.84012e+40 
168 3.91358e+40 
169 3.99068e+40 
170 4.07117e+40 
171 4.1548e+40 
172 4.24128e+40 
173 4.33033e+40 
174 4.42165e+40 
175 4.51492e+40 
176 4.60981e+40 
177 4.70595e+40 
178 4.80298e+40 
179 4.90052e+40 
180 4.99816e+40 
181 5.09554e+40 
182 5.19249e+40 
183 5.2889e+40 
184 5.38465e+40 
185 5.47964e+40 
186 5.57373e+40 
187 5.66679e+40 
188 5.75871e+40 
189 5.84934e+40 
190 5.93854e+40 
191 6.02619e+40 
192 6.11213e+40 
193 6.19621e+40 
194 6.27829e+40 
195 6.35821e+40 
196 6.4358e+40 
197 6.5109e+40 
198 6.58335e+40 
199 6.65298e+40 
200 6.7196e+40 
201 6.78307e+40 
202 6.84335e+40 
203 6.90042e+40 
204 6.95428e+40 
205 7.00492e+40 
206 7.05234e+40 
207 7.09655e+40 
208 7.13754e+40 
209 7.17532e+40 
210 7.20991e+40 
211 7.2413e+40 
212 7.26953e+40 
213 7.2946e+40 
214 7.31654e+40 
215 7.33538e+40 
216 7.35113e+40 
217 7.36384e+40 
218 7.37353e+40 
219 7.38025e+40 
220 7.38403e+40 
221 7.38492e+40 
222 7.38297e+40 
223 7.37822e+40 
224 7.37074e+40 
225 7.36058e+40 
226 7.3478e+40 
227 7.33242e+40 
228 7.31448e+40 
229 7.29402e+40 
230 7.27105e+40 
231 7.24562e+40 
232 7.21776e+40 
233 7.18752e+40 
234 7.15493e+40 
235 7.12004e+40 
236 7.08291e+40 
237 7.04357e+40 
238 7.00209e+40 
239 6.95851e+40 
240 6.91291e+40 
241 6.86533e+40 
242 6.81584e+40 
243 6.76451e+40 
244 6.7114e+40 
245 6.6566e+40 
246 6.60017e+40 
247 6.54219e+40 
248 6.48274e+40 
249 6.42191e+40 
250 6.35979e+40 
251 6.29644e+40 
252 6.23193e+40 
253 6.16628e+40 
254 6.09954e+40 
255 6.03174e+40 
256 5.96294e+40 
257 5.89316e+40 
258 5.82247e+40 
259 5.75089e+40 
260 5.67849e+40 
261 5.60531e+40 
262 5.53139e+40 
263 5.4568e+40 
264 5.38158e+40 
265 5.30579e+40 
266 5.22948e+40 
267 5.15272e+40 
268 5.07555e+40 
269 4.99804e+40 
270 4.92026e+40 
271 4.84226e+40 
272 4.76411e+40 
273 4.68588e+40 
274 4.60763e+40 
275 4.52944e+40 
276 4.45136e+40 
277 4.37343e+40 
278 4.29568e+40 
279 4.21814e+40 
280 4.14083e+40 
281 4.06379e+40 
282 3.98704e+40 
283 3.91062e+40 
284 3.83454e+40 
285 3.75885e+40 
286 3.68357e+40 
287 3.60873e+40 
288 3.53436e+40 
289 3.4605e+40 
290 3.38717e+40 
291 3.31441e+40 
292 3.24224e+40 
293 3.17071e+40 
294 3.09984e+40 
295 3.02966e+40 
296 2.96022e+40 
297 2.89153e+40 
298 2.82364e+40 
299 2.75657e+40 
300 2.69037e+40 
301 2.62506e+40 
302 2.56066e+40 
303 2.49718e+40 
304 2.43461e+40 
305 2.37299e+40 
306 2.3123e+40 
307 2.25256e+40 
308 2.19378e+40 
309 2.13596e+40 
310 2.0791e+40 
311 2.02323e+40 
312 1.96833e+40 
313 1.91442e+40 
314 1.8615e+40 
315 1.80958e+40 
316 1.75866e+40 
317 1.70873e+40 
318 1.65981e+40 
319 1.6119e+40 
320 1.565e+40 
321 1.51911e+40 
322 1.47424e+40 
323 1.43037e+40 
324 1.38752e+40 
325 1.34568e+40 
326 1.30485e+40 
327 1.26504e+40 
328 1.22623e+40 
329 1.18842e+40 
330 1.15162e+40 
331 1.11582e+40 
332 1.08102e+40 
333 1.04721e+40 
334 1.01438e+40 
335 9.82533e+39 
336 9.5166e+39 
337 9.21756e+39 
338 8.92812e+39 
339 8.64821e+39 
340 8.37775e+39 
341 8.11663e+39 
342 7.86478e+39 
343 7.62209e+39 
344 7.38844e+39 
345 7.16374e+39 
346 6.94785e+39 
347 6.74066e+39 
348 6.54204e+39 
349 6.35184e+39 
350 6.16992e+39 
351 5.99615e+39 
352 5.83047e+39 
353 5.67282e+39 
354 5.52314e+39 
355 5.38137e+39 
356 5.24745e+39 
357 5.1213e+39 
358 5.00286e+39 
359 4.89204e+39 
360 4.78877e+39 
361 4.69295e+39 
362 4.6045e+39 
363 4.52332e+39 
364 4.44932e+39 
365 4.38238e+39 
366 4.3224e+39 
367 4.26927e+39 
368 4.22288e+39 
369 4.18309e+39 
370 4.14979e+39 
371 4.12284e+39 
372 4.10211e+39 
373 4.08746e+39 
374 4.07874e+39 
375 4.07581e+39 
376 4.07851e+39 
377 4.08668e+39 
378 4.10017e+39 
379 4.11879e+39 
380 4.14238e+39 
381 4.17076e+39 
382 4.20374e+39 
383 4.24114e+39 
384 4.28277e+39 
385 4.32842e+39 
386 4.3779e+39 
387 4.43099e+39 
388 4.48748e+39 
389 4.54715e+39 
390 4.60978e+39 
391 4.67514e+39 
392 4.74298e+39 
393 4.81308e+39 
394 4.88519e+39 
395 4.95905e+39 
396 5.03442e+39 
397 5.11102e+39 
398 5.18859e+39 
399 5.26685e+39 
400 5.34554e+39 
401 5.4244e+39 
402 5.50335e+39 
403 5.58237e+39 
404 5.66141e+39 
405 5.74044e+39 
406 5.8194e+39 
407 5.89828e+39 
408 5.97701e+39 
409 6.05557e+39 
410 6.13391e+39 
411 6.21198e+39 
412 6.28975e+39 
413 6.36718e+39 
414 6.4442e+39 
415 6.52078e+39 
416 6.59688e+39 
417 6.67245e+39 
418 6.74743e+39 
419 6.82178e+39 
420 6.89545e+39 
421 6.9684e+39 
422 7.04056e+39 
423 7.1119e+39 
424 7.18234e+39 
425 7.25186e+39 
426 7.32038e+39 
427 7.38786e+39 
428 7.45424e+39 
429 7.51946e+39 
430 7.58347e+39 
431 7.64621e+39 
432 7.70762e+39 
433 7.76765e+39 
434 7.82623e+39 
435 7.8833e+39 
436 7.9388e+39 
437 7.99267e+39 
438 8.04484e+39 
439 8.09526e+39 
440 8.14385e+39 
441 8.19056e+39 
442 8.2353e+39 
443 8.27803e+39 
444 8.31867e+39 
445 8.35715e+39 
446 8.3934e+39 
447 8.42735e+39 
448 8.45893e+39 
449 8.48807e+39 
450 8.51469e+39 
451 8.53874e+39 
452 8.56021e+39 
453 8.57913e+39 
454 8.5955e+39 
455 8.60935e+39 
456 8.6207e+39 
457 8.62956e+39 
458 8.63595e+39 
459 8.63989e+39 
460 8.64141e+39 
461 8.64052e+39 
462 8.63726e+39 
463 8.63163e+39 
464 8.62368e+39 
465 8.61341e+39 
466 8.60086e+39 
467 8.58606e+39 
468 8.56902e+39 
469 8.54979e+39 
470 8.52839e+39 
471 8.50484e+39 
472 8.47918e+39 
473 8.45145e+39 
474 8.42167e+39 
475 8.38987e+39 
476 8.3561e+39 
477 8.32038e+39 
478 8.28275e+39 
479 8.24325e+39 
480 8.20191e+39 
481 8.15878e+39 
482 8.11389e+39 
483 8.06729e+39 
484 8.019e+39 
485 7.96909e+39 
486 7.91758e+39 
487 7.86452e+39 
488 7.80996e+39 
489 7.75394e+39 
490 7.69651e+39 
491 7.63772e+39 
492 7.5776e+39 
493 7.51622e+39 
494 7.45363e+39 
495 7.38986e+39 
496 7.32498e+39 
497 7.25904e+39 
498 7.1921e+39 
499 7.12419e+39 
500 7.0554e+39 
501 6.98575e+39 
502 6.91529e+39 
503 6.84405e+39 
504 6.77206e+39 
505 6.69934e+39 
506 6.62592e+39 
507 6.55185e+39 
508 6.47714e+39 
509 6.40184e+39 
510 6.32596e+39 
511 6.24956e+39 
512 6.17266e+39 
513 6.09529e+39 
514 6.01749e+39 
515 5.93929e+39 
516 5.86074e+39 
517 5.78186e+39 
518 5.7027e+39 
519 5.62329e+39 
520 5.54366e+39 
521 5.46387e+39 
522 5.38394e+39 
523 5.30392e+39 
524 5.22385e+39 
525 5.14377e+39 
526 5.06371e+39 
527 4.98373e+39 
528 4.90386e+39 
529 4.82414e+39 
530 4.74463e+39 
531 4.66536e+39 
532 4.58639e+39 
533 4.50774e+39 
534 4.42948e+39 
535 4.35165e+39 
536 4.27429e+39 
537 4.19745e+39 
538 4.12119e+39 
539 4.04554e+39 
540 3.97057e+39 
541 3.89631e+39 
542 3.82283e+39 
543 3.75017e+39 
544 3.67838e+39 
545 3.60752e+39 
546 3.53764e+39 
547 3.46879e+39 
548 3.40103e+39 
549 3.33442e+39 
550 3.269e+39 
551 3.20483e+39 
552 3.14192e+39 
553 3.08027e+39 
554 3.01989e+39 
555 2.96078e+39 
556 2.90293e+39 
557 2.84636e+39 
558 2.79106e+39 
559 2.73705e+39 
560 2.68431e+39 
561 2.63285e+39 
562 2.58268e+39 
563 2.53379e+39 
564 2.48619e+39 
565 2.43988e+39 
566 2.39485e+39 
567 2.35112e+39 
568 2.30868e+39 
569 2.26753e+39 
570 2.22767e+39 
571 2.18911e+39 
572 2.15183e+39 
573 2.11585e+39 
574 2.08117e+39 
575 2.04777e+39 
576 2.01567e+39 
577 1.98486e+39 
578 1.95534e+39 
579 1.92711e+39 
580 1.90017e+39 
581 1.87452e+39 
582 1.85015e+39 
583 1.82707e+39 
584 1.80527e+39 
585 1.78475e+39 
586 1.76551e+39 
587 1.74755e+39 
588 1.73086e+39 
589 1.71544e+39 
590 1.70129e+39 
591 1.6884e+39 
592 1.67677e+39 
593 1.66641e+39 
594 1.6573e+39 
595 1.64944e+39 
596 1.64283e+39 
597 1.63746e+39 
598 1.63333e+39 
599 1.63043e+39 
600 1.62876e+39 
601 1.62832e+39 
602 1.62908e+39 
603 1.63104e+39 
604 1.63417e+39 
605 1.63845e+39 
606 1.64388e+39 
607 1.65042e+39 
608 1.65807e+39 
609 1.6668e+39 
610 1.67659e+39 
611 1.68742e+39 
612 1.69928e+39 
613 1.71214e+39 
614 1.72598e+39 
615 1.74078e+39 
616 1.75653e+39 
617 1.77319e+39 
618 1.79074e+39 
619 1.80917e+39 
620 1.82845e+39 
621 1.84855e+39 
622 1.86945e+39 
623 1.89114e+39 
624 1.91358e+39 
625 1.93674e+39 
626 1.96061e+39 
627 1.98516e+39 
628 2.01036e+39 
629 2.03618e+39 
630 2.06261e+39 
631 2.0896e+39 
632 2.11714e+39 
633 2.14519e+39 
634 2.17373e+39 
635 2.20273e+39 
636 2.23216e+39 
637 2.26199e+39 
638 2.29219e+39 
639 2.32273e+39 
640 2.35358e+39 
641 2.3847e+39 
642 2.41608e+39 
643 2.44766e+39 
644 2.47943e+39 
645 2.51134e+39 
646 2.54338e+39 
647 2.57549e+39 
648 2.60765e+39 
649 2.63982e+39 
650 2.67198e+39 
651 2.70408e+39 
652 2.73611e+39 
653 2.76806e+39 
654 2.79991e+39 
655 2.83167e+39 
656 2.8633e+39 
657 2.8948e+39 
658 2.92616e+39 
659 2.95736e+39 
660 2.98839e+39 
661 3.01923e+39 
662 3.04989e+39 
663 3.08033e+39 
664 3.11054e+39 
665 3.14052e+39 
666 3.17025e+39 
667 3.19971e+39 
668 3.22889e+39 
669 3.25777e+39 
670 3.28635e+39 
671 3.3146e+39 
672 3.34252e+39 
673 3.37008e+39 
674 3.39727e+39 
675 3.42408e+39 
676 3.45049e+39 
677 3.47649e+39 
678 3.50205e+39 
679 3.52717e+39 
680 3.55183e+39 
681 3.57601e+39 
682 3.59969e+39 
683 3.62287e+39 
684 3.64551e+39 
685 3.66761e+39 
686 3.68916e+39 
687 3.71012e+39 
688 3.73049e+39 
689 3.75024e+39 
690 3.76937e+39 
691 3.78784e+39 
692 3.80565e+39 
693 3.82278e+39 
694 3.83921e+39 
695 3.85492e+39 
696 3.86989e+39 
697 3.8841e+39 
698 3.89754e+39 
699 3.91018e+39 
700 3.92202e+39 
701 3.93302e+39 
702 3.94319e+39 
703 3.95254e+39 
704 3.96107e+39 
705 3.96878e+39 
706 3.97568e+39 
707 3.98177e+39 
708 3.98705e+39 
709 3.99154e+39 
710 3.99523e+39 
711 3.99812e+39 
712 4.00024e+39 
713 4.00156e+39 
714 4.00212e+39 
715 4.0019e+39 
716 4.00091e+39 
717 3.99916e+39 
718 3.99666e+39 
719 3.9934e+39 
720 3.9894e+39 
721 3.98466e+39 
722 3.97918e+39 
723 3.97298e+39 
724 3.96606e+39 
725 3.95842e+39 
726 3.95007e+39 
727 3.94101e+39 
728 3.93126e+39 
729 3.92082e+39 
730 3.9097e+39 
731 3.8979e+39 
732 3.88543e+39 
733 3.87229e+39 
734 3.8585e+39 
735 3.84406e+39 
736 3.82898e+39 
737 3.81327e+39 
738 3.79693e+39 
739 3.77998e+39 
740 3.76241e+39 
741 3.74424e+39 
742 3.72547e+39 
743 3.70612e+39 
744 3.6862e+39 
745 3.6657e+39 
746 3.64464e+39 
747 3.62303e+39 
748 3.60088e+39 
749 3.57819e+39 
750 3.55498e+39 
751 3.53125e+39 
752 3.50702e+39 
753 3.48229e+39 
754 3.45708e+39 
755 3.4314e+39 
756 3.40525e+39 
757 3.37866e+39 
758 3.35163e+39 
759 3.32417e+39 
760 3.2963e+39 
761 3.26803e+39 
762 3.23936e+39 
763 3.21032e+39 
764 3.18092e+39 
765 3.15116e+39 
766 3.12106e+39 
767 3.09063e+39 
768 3.05989e+39 
769 3.02885e+39 
770 2.99752e+39 
771 2.96592e+39 
772 2.93405e+39 
773 2.90194e+39 
774 2.8696e+39 
775 2.83704e+39 
776 2.80427e+39 
777 2.77132e+39 
778 2.73819e+39 
779 2.70489e+39 
780 2.67145e+39 
781 2.63788e+39 
782 2.6042e+39 
783 2.57041e+39 
784 2.53654e+39 
785 2.5026e+39 
786 2.46861e+39 
787 2.43458e+39 
788 2.40052e+39 
789 2.36646e+39 
790 2.33242e+39 
791 2.29839e+39 
792 2.26442e+39 
793 2.2305e+39 
794 2.19667e+39 
795 2.16293e+39 
796 2.1293e+39 
797 2.0958e+39 
798 2.06245e+39 
799 2.02927e+39 
800 1.99627e+39 
801 1.96347e+39 
802 1.93087e+39 
803 1.89849e+39 
804 1.86633e+39 
805 1.83439e+39 
806 1.80268e+39 
807 1.7712e+39 
808 1.73996e+39 
809 1.70897e+39 
810 1.67822e+39 
811 1.64773e+39 
812 1.6175e+39 
813 1.58754e+39 
814 1.55785e+39 
815 1.52843e+39 
816 1.4993e+39 
817 1.47046e+39 
818 1.44192e+39 
819 1.41367e+39 
820 1.38573e+39 
821 1.3581e+39 
822 1.33079e+39 
823 1.3038e+39 
824 1.27714e+39 
825 1.25082e+39 
826 1.22484e+39 
827 1.19921e+39 
828 1.17393e+39 
829 1.149e+39 
830 1.12445e+39 
831 1.10027e+39 
832 1.07646e+39 
833 1.05304e+39 
834 1.03001e+39 
835 1.00738e+39 
836 9.85151e+38 
837 9.63331e+38 
838 9.41928e+38 
839 9.20947e+38 
840 9.00395e+38 
841 8.80278e+38 
842 8.60604e+38 
843 8.41379e+38 
844 8.22609e+38 
845 8.04301e+38 
846 7.86462e+38 
847 7.69099e+38 
848 7.52217e+38 
849 7.35825e+38 
850 7.1993e+38 
851 7.04535e+38 
852 6.8964e+38 
853 6.7524e+38 
854 6.61334e+38 
855 6.47916e+38 
856 6.34984e+38 
857 6.22533e+38 
858 6.1056e+38 
859 5.99061e+38 
860 5.88032e+38 
861 5.77469e+38 
862 5.67369e+38 
863 5.57726e+38 
864 5.48537e+38 
865 5.39799e+38 
866 5.31505e+38 
867 5.23653e+38 
868 5.16238e+38 
869 5.09255e+38 
870 5.02699e+38 
871 4.96567e+38 
872 4.90854e+38 
873 4.85554e+38 
874 4.80664e+38 
875 4.76178e+38 
876 4.72091e+38 
877 4.68399e+38 
878 4.65096e+38 
879 4.62178e+38 
880 4.59639e+38 
881 4.57474e+38 
882 4.55677e+38 
883 4.54244e+38 
884 4.53169e+38 
885 4.52446e+38 
886 4.5207e+38 
887 4.52036e+38 
888 4.52337e+38 
889 4.52968e+38 
890 4.53923e+38 
891 4.55196e+38 
892 4.56782e+38 
893 4.58674e+38 
894 4.60866e+38 
895 4.63351e+38 
896 4.66125e+38 
897 4.6918e+38 
898 4.7251e+38 
899 4.76109e+38 
900 4.7997e+38 
901 4.84087e+38 
902 4.88454e+38 
903 4.93064e+38 
904 4.97913e+38 
905 5.02993e+38 
906 5.083e+38 
907 5.13826e+38 
908 5.19566e+38 
909 5.25513e+38 
910 5.31661e+38 
911 5.38003e+38 
912 5.44534e+38 
913 5.51246e+38 
914 5.58133e+38 
915 5.65189e+38 
916 5.72406e+38 
917 5.79779e+38 
918 5.87299e+38 
919 5.9496e+38 
920 6.02756e+38 
921 6.10678e+38 
922 6.18721e+38 
923 6.26876e+38 
924 6.35137e+38 
925 6.43497e+38 
926 6.51947e+38 
927 6.6048e+38 
928 6.6909e+38 
929 6.77768e+38 
930 6.86507e+38 
931 6.95299e+38 
932 7.04136e+38 
933 7.1301e+38 
934 7.21914e+38 
935 7.30839e+38 
936 7.39778e+38 
937 7.48723e+38 
938 7.57664e+38 
939 7.66594e+38 
940 7.75505e+38 
941 7.84388e+38 
942 7.93235e+38 
943 8.02037e+38 
944 8.10786e+38 
945 8.19472e+38 
946 8.28088e+38 
947 8.36624e+38 
948 8.45071e+38 
949 8.53421e+38 
950 8.61664e+38 
951 8.69793e+38 
952 8.77805e+38 
953 8.85696e+38 
954 8.93466e+38 
955 9.01113e+38 
956 9.08634e+38 
957 9.16028e+38 
958 9.23292e+38 
959 9.30425e+38 
960 9.37424e+38 
961 9.44288e+38 
962 9.51013e+38 
963 9.576e+38 
964 9.64044e+38 
965 9.70344e+38 
966 9.76498e+38 
967 9.82504e+38 
968 9.8836e+38 
969 9.94064e+38 
970 9.99612e+38 
971 1.005e+39 
972 1.01024e+39 
973 1.01531e+39 
974 1.02022e+39 
975 1.02496e+39 
976 1.02954e+39 
977 1.03394e+39 
978 1.03818e+39 
979 1.04224e+39 
980 1.04612e+39 
981 1.04982e+39 
982 1.05334e+39 
983 1.05668e+39 
984 1.05984e+39 
985 1.0628e+39 
986 1.06557e+39 
987 1.06816e+39 
988 1.07054e+39 
989 1.07273e+39 
990 1.07472e+39 
991 1.0765e+39 
992 1.07809e+39 
993 1.07946e+39 
994 1.08062e+39 
995 1.08158e+39 
996 1.08231e+39 
997 1.08283e+39 
998 1.08314e+39 
999 1.08321e+39 
1000 1.08307e+39 
1001 1.0827e+39 
1002 1.0821e+39 
1003 1.08128e+39 
1004 1.08025e+39 
1005 1.07899e+39 
1006 1.07752e+39 
1007 1.07584e+39 
1008 1.07395e+39 
1009 1.07185e+39 
1010 1.06954e+39 
1011 1.06704e+39 
1012 1.06434e+39 
1013 1.06143e+39 
1014 1.05834e+39 
1015 1.05505e+39 
1016 1.05158e+39 
1017 1.04792e+39 
1018 1.04408e+39 
1019 1.04006e+39 
1020 1.03586e+39 
1021 1.03149e+39 
1022 1.02695e+39 
1023 1.02223e+39 
1024 1.01736e+39 
1025 1.01232e+39 
1026 1.00712e+39 
1027 1.00177e+39 
1028 9.96266e+38 
1029 9.90612e+38 
1030 9.84811e+38 
1031 9.78867e+38 
1032 9.72783e+38 
1033 9.66562e+38 
1034 9.60209e+38 
1035 9.53725e+38 
1036 9.47115e+38 
1037 9.40381e+38 
1038 9.33528e+38 
1039 9.26558e+38 
1040 9.19476e+38 
1041 9.12284e+38 
1042 9.04986e+38 
1043 8.97586e+38 
1044 8.90087e+38 
1045 8.82493e+38 
1046 8.74808e+38 
1047 8.67035e+38 
1048 8.59178e+38 
1049 8.51241e+38 
1050 8.43227e+38 
1051 8.35141e+38 
1052 8.26984e+38 
1053 8.18762e+38 
1054 8.10475e+38 
1055 8.02128e+38 
1056 7.93723e+38 
1057 7.85263e+38 
1058 7.76753e+38 
1059 7.68194e+38 
1060 7.5959e+38 
1061 7.50943e+38 
1062 7.42259e+38 
1063 7.33538e+38 
1064 7.24786e+38 
1065 7.16004e+38 
1066 7.07197e+38 
1067 6.98368e+38 
1068 6.8952e+38 
1069 6.80656e+38 
1070 6.7178e+38 
1071 6.62895e+38 
1072 6.54005e+38 
1073 6.45114e+38 
1074 6.36224e+38 
1075 6.27339e+38 
1076 6.18463e+38 
1077 6.096e+38 
1078 6.00752e+38 
1079 5.91924e+38 
1080 5.8312e+38 
1081 5.74343e+38 
1082 5.65596e+38 
1083 5.56884e+38 
1084 5.4821e+38 
1085 5.39578e+38 
1086 5.30992e+38 
1087 5.22456e+38 
1088 5.13973e+38 
1089 5.05548e+38 
1090 4.97184e+38 
1091 4.88885e+38 
1092 4.80656e+38 
1093 4.725e+38 
1094 4.64422e+38 
1095 4.56425e+38 
1096 4.48513e+38 
1097 4.40691e+38 
1098 4.32963e+38 
1099 4.25333e+38 
1100 4.17804e+38 
1101 4.10382e+38 
1102 4.03066e+38 
1103 3.95858e+38 
1104 3.88757e+38 
1105 3.81765e+38 
1106 3.74882e+38 
1107 3.68108e+38 
1108 3.61444e+38 
1109 3.5489e+38 
1110 3.48448e+38 
1111 3.42117e+38 
1112 3.35897e+38 
1113 3.2979e+38 
1114 3.23796e+38 
1115 3.17916e+38 
1116 3.12149e+38 
1117 3.06498e+38 
1118 3.00961e+38 
1119 2.95539e+38 
1120 2.90234e+38 
1121 2.85045e+38 
1122 2.79973e+38 
1123 2.75019e+38 
1124 2.70182e+38 
1125 2.65465e+38 
1126 2.60866e+38 
1127 2.56387e+38 
1128 2.52028e+38 
1129 2.4779e+38 
1130 2.43673e+38 
1131 2.39677e+38 
1132 2.35804e+38 
1133 2.32053e+38 
1134 2.28425e+38 
1135 2.24922e+38 
1136 2.21542e+38 
1137 2.18287e+38 
1138 2.15157e+38 
1139 2.12153e+38 
1140 2.09275e+38 
1141 2.06524e+38 
1142 2.039e+38 
1143 2.01403e+38 
1144 1.99035e+38 
1145 1.96796e+38 
1146 1.94686e+38 
1147 1.92706e+38 
1148 1.90856e+38 
1149 1.89136e+38 
1150 1.87549e+38 
1151 1.86092e+38 
1152 1.84766e+38 
1153 1.83568e+38 
1154 1.82497e+38 
1155 1.81551e+38 
1156 1.80728e+38 
1157 1.80027e+38 
1158 1.79446e+38 
1159 1.78983e+38 
1160 1.78637e+38 
1161 1.78405e+38 
1162 1.78286e+38 
1163 1.78277e+38 
1164 1.78378e+38 
1165 1.78586e+38 
1166 1.789e+38 
1167 1.79317e+38 
1168 1.79836e+38 
1169 1.80454e+38 
1170 1.8117e+38 
1171 1.81983e+38 
1172 1.82888e+38 
1173 1.83886e+38 
1174 1.84974e+38 
1175 1.86149e+38 
1176 1.87411e+38 
1177 1.88756e+38 
1178 1.90183e+38 
1179 1.9169e+38 
1180 1.93274e+38 
1181 1.94934e+38 
1182 1.96667e+38 
1183 1.98472e+38 
1184 2.00345e+38 
1185 2.02285e+38 
1186 2.04291e+38 
1187 2.06358e+38 
1188 2.08486e+38 
1189 2.10672e+38 
1190 2.12914e+38 
1191 2.15209e+38 
1192 2.17556e+38 
1193 2.19951e+38 
1194 2.22393e+38 
1195 2.2488e+38 
1196 2.27408e+38 
1197 2.29976e+38 
1198 2.32581e+38 
1199 2.35221e+38 
1200 2.37893e+38 
1201 2.40595e+38 
1202 2.43326e+38 
1203 2.46083e+38 
1204 2.48865e+38 
1205 2.51671e+38 
1206 2.54499e+38 
1207 2.57347e+38 
1208 2.60214e+38 
1209 2.63097e+38 
1210 2.65996e+38 
1211 2.68908e+38 
1212 2.71831e+38 
1213 2.74765e+38 
1214 2.77708e+38 
1215 2.80656e+38 
1216 2.8361e+38 
1217 2.86567e+38 
1218 2.89525e+38 
1219 2.92482e+38 
1220 2.95438e+38 
1221 2.98389e+38 
1222 3.01334e+38 
1223 3.04272e+38 
1224 3.072e+38 
1225 3.10117e+38 
1226 3.1302e+38 
1227 3.15908e+38 
1228 3.18779e+38 
1229 3.21631e+38 
1230 3.24462e+38 
1231 3.27271e+38 
1232 3.30054e+38 
1233 3.32811e+38 
1234 3.35539e+38 
1235 3.38237e+38 
1236 3.40902e+38 
1237 3.43532e+38 
1238 3.46126e+38 
1239 3.48681e+38 
1240 3.51195e+38 
1241 3.53667e+38 
1242 3.56094e+38 
1243 3.58473e+38 
1244 3.60804e+38 
1245 3.63084e+38 
1246 3.65311e+38 
1247 3.67482e+38 
1248 3.69596e+38 
1249 3.71651e+38 
1250 3.73644e+38 
1251 3.75573e+38 
1252 3.77438e+38 
1253 3.79239e+38 
1254 3.80976e+38 
1255 3.82649e+38 
1256 3.84258e+38 
1257 3.85802e+38 
1258 3.87282e+38 
1259 3.88698e+38 
1260 3.90049e+38 
1261 3.91335e+38 
1262 3.92557e+38 
1263 3.93714e+38 
1264 3.94806e+38 
1265 3.95833e+38 
1266 3.96796e+38 
1267 3.97693e+38 
1268 3.98526e+38 
1269 3.99293e+38 
1270 3.99996e+38 
1271 4.00633e+38 
1272 4.01205e+38 
1273 4.01711e+38 
1274 4.02153e+38 
1275 4.02529e+38 
1276 4.02839e+38 
1277 4.03084e+38 
1278 4.03264e+38 
1279 4.03377e+38 
1280 4.03426e+38 
1281 4.03408e+38 
1282 4.03325e+38 
1283 4.03176e+38 
1284 4.02962e+38 
1285 4.02681e+38 
1286 4.02335e+38 
1287 4.01923e+38 
1288 4.01445e+38 
1289 4.00901e+38 
1290 4.0029e+38 
1291 3.99614e+38 
1292 3.98872e+38 
1293 3.98064e+38 
1294 3.9719e+38 
1295 3.96249e+38 
1296 3.95242e+38 
1297 3.9417e+38 
1298 3.93031e+38 
1299 3.91825e+38 
1300 3.90554e+38 
1301 3.89216e+38 
1302 3.87813e+38 
1303 3.86346e+38 
1304 3.84816e+38 
1305 3.83224e+38 
1306 3.81571e+38 
1307 3.79857e+38 
1308 3.78085e+38 
1309 3.76256e+38 
1310 3.74369e+38 
1311 3.72427e+38 
1312 3.70431e+38 
1313 3.68381e+38 
1314 3.66279e+38 
1315 3.64126e+38 
1316 3.61924e+38 
1317 3.59672e+38 
1318 3.57373e+38 
1319 3.55028e+38 
1320 3.52637e+38 
1321 3.50202e+38 
1322 3.47725e+38 
1323 3.45206e+38 
1324 3.42646e+38 
1325 3.40047e+38 
1326 3.3741e+38 
1327 3.34737e+38 
1328 3.32028e+38 
1329 3.29285e+38 
1330 3.26508e+38 
1331 3.237e+38 
1332 3.20862e+38 
1333 3.17995e+38 
1334 3.15099e+38 
1335 3.12177e+38 
1336 3.0923e+38 
1337 3.06259e+38 
1338 3.03265e+38 
1339 3.0025e+38 
1340 2.97215e+38 
1341 2.94161e+38 
1342 2.91091e+38 
1343 2.88004e+38 
1344 2.84903e+38 
1345 2.81789e+38 
1346 2.78663e+38 
1347 2.75526e+38 
1348 2.72381e+38 
1349 2.69229e+38 
1350 2.6607e+38 
1351 2.62907e+38 
1352 2.59739e+38 
1353 2.56569e+38 
1354 2.53397e+38 
1355 2.50224e+38 
1356 2.4705e+38 
1357 2.43877e+38 
1358 2.40706e+38 
1359 2.37536e+38 
1360 2.3437e+38 
1361 2.31209e+38 
1362 2.28052e+38 
1363 2.24901e+38 
1364 2.21757e+38 
1365 2.18621e+38 
1366 2.15493e+38 
1367 2.12375e+38 
1368 2.09268e+38 
1369 2.06172e+38 
1370 2.03089e+38 
1371 2.00019e+38 
1372 1.96964e+38 
1373 1.93924e+38 
1374 1.909e+38 
1375 1.87893e+38 
1376 1.84905e+38 
1377 1.81935e+38 
1378 1.78987e+38 
1379 1.76059e+38 
1380 1.73153e+38 
1381 1.70271e+38 
1382 1.67413e+38 
1383 1.6458e+38 
1384 1.61773e+38 
1385 1.58994e+38 
1386 1.56243e+38 
1387 1.53521e+38 
1388 1.5083e+38 
1389 1.4817e+38 
1390 1.45542e+38 
1391 1.42948e+38 
1392 1.40389e+38 
1393 1.37865e+38 
1394 1.35378e+38 
1395 1.32929e+38 
1396 1.30518e+38 
1397 1.28148e+38 
1398 1.25819e+38 
1399 1.23531e+38 
1400 1.21288e+38 
1401 1.19088e+38 
1402 1.16932e+38 
1403 1.14821e+38 
1404 1.12754e+38 
1405 1.10732e+38 
1406 1.08753e+38 
1407 1.06818e+38 
1408 1.04928e+38 
1409 1.03081e+38 
1410 1.01278e+38 
1411 9.95191e+37 
1412 9.78037e+37 
1413 9.6132e+37 
1414 9.45039e+37 
1415 9.29193e+37 
1416 9.13782e+37 
1417 8.98804e+37 
1418 8.8426e+37 
1419 8.70148e+37 
1420 8.56467e+37 
1421 8.43217e+37 
1422 8.30397e+37 
1423 8.18007e+37 
1424 8.06044e+37 
1425 7.9451e+37 
1426 7.83402e+37 
1427 7.7272e+37 
1428 7.62464e+37 
1429 7.52631e+37 
1430 7.43222e+37 
1431 7.34235e+37 
1432 7.2567e+37 
1433 7.17526e+37 
1434 7.09801e+37 
1435 7.02495e+37 
1436 6.95607e+37 
1437 6.89136e+37 
1438 6.8308e+37 
1439 6.7744e+37 
1440 6.72213e+37 
1441 6.67399e+37 
1442 6.62997e+37 
1443 6.59006e+37 
1444 6.55424e+37 
1445 6.52251e+37 
1446 6.49486e+37 
1447 6.47127e+37 
1448 6.45173e+37 
1449 6.43624e+37 
1450 6.42477e+37 
1451 6.41732e+37 
1452 6.41382e+37 
1453 6.41421e+37 
1454 6.41843e+37 
1455 6.42642e+37 
1456 6.43809e+37 
1457 6.4534e+37 
1458 6.47227e+37 
1459 6.49464e+37 
1460 6.52044e+37 
1461 6.5496e+37 
1462 6.58205e+37 
1463 6.61774e+37 
1464 6.65657e+37 
1465 6.6985e+37 
1466 6.74344e+37 
1467 6.79133e+37 
1468 6.8421e+37 
1469 6.89567e+37 
1470 6.95198e+37 
1471 7.01095e+37 
1472 7.07251e+37 
1473 7.13659e+37 
1474 7.20311e+37 
1475 7.272e+37 
1476 7.34319e+37 
1477 7.4166e+37 
1478 7.49216e+37 
1479 7.56978e+37 
1480 7.64941e+37 
1481 7.73095e+37 
1482 7.81434e+37 
1483 7.89949e+37 
1484 7.98633e+37 
1485 8.07478e+37 
1486 8.16476e+37 
1487 8.25619e+37 
1488 8.34899e+37 
1489 8.44309e+37 
1490 8.5384e+37 
1491 8.63485e+37 
1492 8.73234e+37 
1493 8.8308e+37 
1494 8.93015e+37 
1495 9.0303e+37 
1496 9.13117e+37 
1497 9.23269e+37 
1498 9.33475e+37 
1499 9.43728e+37 
1500 9.5402e+37 
1501 9.64343e+37 
1502 9.7469e+37 
1503 9.85058e+37 
1504 9.95442e+37 
1505 1.00584e+38 
1506 1.01624e+38 
1507 1.02664e+38 
1508 1.03703e+38 
1509 1.04742e+38 
1510 1.0578e+38 
1511 1.06815e+38 
1512 1.07848e+38 
1513 1.08879e+38 
1514 1.09905e+38 
1515 1.10928e+38 
1516 1.11947e+38 
1517 1.1296e+38 
1518 1.13968e+38 
1519 1.14971e+38 
1520 1.15966e+38 
1521 1.16955e+38 
1522 1.17936e+38 
1523 1.18909e+38 
1524 1.19873e+38 
1525 1.20828e+38 
1526 1.21773e+38 
1527 1.22709e+38 
1528 1.23633e+38 
1529 1.24546e+38 
1530 1.25447e+38 
1531 1.26336e+38 
1532 1.27212e+38 
1533 1.28074e+38 
1534 1.28922e+38 
1535 1.29755e+38 
1536 1.30574e+38 
1537 1.31376e+38 
1538 1.32162e+38 
1539 1.32931e+38 
1540 1.33682e+38 
1541 1.34416e+38 
1542 1.3513e+38 
1543 1.35826e+38 
1544 1.36501e+38 
1545 1.37156e+38 
1546 1.3779e+38 
1547 1.38403e+38 
1548 1.38993e+38 
1549 1.3956e+38 
1550 1.40104e+38 
1551 1.40624e+38 
1552 1.4112e+38 
1553 1.41592e+38 
1554 1.4204e+38 
1555 1.42464e+38 
1556 1.42864e+38 
1557 1.43241e+38 
1558 1.43594e+38 
1559 1.43923e+38 
1560 1.44229e+38 
1561 1.44512e+38 
1562 1.44771e+38 
1563 1.45006e+38 
1564 1.45219e+38 
1565 1.45408e+38 
1566 1.45573e+38 
1567 1.45716e+38 
1568 1.45836e+38 
1569 1.45933e+38 
1570 1.46007e+38 
1571 1.46058e+38 
1572 1.46086e+38 
1573 1.46091e+38 
1574 1.46074e+38 
1575 1.46034e+38 
1576 1.45972e+38 
1577 1.45888e+38 
1578 1.45781e+38 
1579 1.45651e+38 
1580 1.455e+38 
1581 1.45326e+38 
1582 1.45131e+38 
1583 1.44913e+38 
1584 1.44673e+38 
1585 1.44412e+38 
1586 1.44129e+38 
1587 1.43824e+38 
1588 1.43497e+38 
1589 1.43149e+38 
1590 1.4278e+38 
1591 1.42389e+38 
1592 1.41977e+38 
1593 1.41544e+38 
1594 1.41089e+38 
1595 1.40614e+38 
1596 1.40118e+38 
1597 1.396e+38 
1598 1.39062e+38 
1599 1.38504e+38 
1600 1.37924e+38 
1601 1.37325e+38 
1602 1.36705e+38 
1603 1.36065e+38 
1604 1.35406e+38 
1605 1.34728e+38 
1606 1.34031e+38 
1607 1.33316e+38 
1608 1.32583e+38 
1609 1.31833e+38 
1610 1.31065e+38 
1611 1.30281e+38 
1612 1.29481e+38 
1613 1.28664e+38 
1614 1.27832e+38 
1615 1.26985e+38 
1616 1.26123e+38 
1617 1.25247e+38 
1618 1.24357e+38 
1619 1.23453e+38 
1620 1.22536e+38 
1621 1.21606e+38 
1622 1.20665e+38 
1623 1.19711e+38 
1624 1.18746e+38 
1625 1.17769e+38 
1626 1.16782e+38 
1627 1.15785e+38 
1628 1.14779e+38 
1629 1.13762e+38 
1630 1.12737e+38 
1631 1.11704e+38 
1632 1.10662e+38 
1633 1.09613e+38 
1634 1.08556e+38 
1635 1.07493e+38 
1636 1.06424e+38 
1637 1.05348e+38 
1638 1.04268e+38 
1639 1.03182e+38 
1640 1.02092e+38 
1641 1.00998e+38 
1642 9.99001e+37 
1643 9.87992e+37 
1644 9.76957e+37 
1645 9.659e+37 
1646 9.54826e+37 
1647 9.43739e+37 
1648 9.32645e+37 
1649 9.21547e+37 
1650 9.10451e+37 
1651 8.99361e+37 
1652 8.8828e+37 
1653 8.77211e+37 
1654 8.66156e+37 
1655 8.55117e+37 
1656 8.44099e+37 
1657 8.33102e+37 
1658 8.22131e+37 
1659 8.11187e+37 
1660 8.00273e+37 
1661 7.89392e+37 
1662 7.78548e+37 
1663 7.67741e+37 
1664 7.56976e+37 
1665 7.46255e+37 
1666 7.3558e+37 
1667 7.24956e+37 
1668 7.14383e+37 
1669 7.03866e+37 
1670 6.93407e+37 
1671 6.83008e+37 
1672 6.72673e+37 
1673 6.62405e+37 
1674 6.52207e+37 
1675 6.4208e+37 
1676 6.32029e+37 
1677 6.22056e+37 
1678 6.12165e+37 
1679 6.02357e+37 
1680 5.92636e+37 
1681 5.83005e+37 
1682 5.73468e+37 
1683 5.64026e+37 
1684 5.54683e+37 
1685 5.45442e+37 
1686 5.36306e+37 
1687 5.27278e+37 
1688 5.18361e+37 
1689 5.09559e+37 
1690 5.00873e+37 
1691 4.92308e+37 
1692 4.83867e+37 
1693 4.75552e+37 
1694 4.67367e+37 
1695 4.59314e+37 
1696 4.51398e+37 
1697 4.43621e+37 
1698 4.35986e+37 
1699 4.28497e+37 
1700 4.21157e+37 
1701 4.13968e+37 
1702 4.06931e+37 
1703 4.00045e+37 
1704 3.93309e+37 
1705 3.86724e+37 
1706 3.80289e+37 
1707 3.74004e+37 
1708 3.67867e+37 
1709 3.61878e+37 
1710 3.56038e+37 
1711 3.50345e+37 
1712 3.448e+37 
1713 3.39401e+37 
1714 3.34148e+37 
1715 3.2904e+37 
1716 3.24078e+37 
1717 3.1926e+37 
1718 3.14587e+37 
1719 3.10057e+37 
1720 3.0567e+37 
1721 3.01426e+37 
1722 2.97325e+37 
1723 2.93364e+37 
1724 2.89545e+37 
1725 2.85866e+37 
1726 2.82328e+37 
1727 2.78928e+37 
1728 2.75668e+37 
1729 2.72546e+37 
1730 2.69562e+37 
1731 2.66716e+37 
1732 2.64006e+37 
1733 2.61432e+37 
1734 2.58994e+37 
1735 2.5669e+37 
1736 2.54522e+37 
1737 2.52487e+37 
1738 2.50585e+37 
1739 2.48817e+37 
1740 2.4718e+37 
1741 2.45675e+37 
1742 2.443e+37 
1743 2.43057e+37 
1744 2.41942e+37 
1745 2.40957e+37 
1746 2.40101e+37 
1747 2.39372e+37 
1748 2.38771e+37 
1749 2.38296e+37 
1750 2.37947e+37 
1751 2.37723e+37 
1752 2.37622e+37 
1753 2.37643e+37 
1754 2.37782e+37 
1755 2.38039e+37 
1756 2.3841e+37 
1757 2.38893e+37 
1758 2.39487e+37 
1759 2.40189e+37 
1760 2.40997e+37 
1761 2.41908e+37 
1762 2.42921e+37 
1763 2.44034e+37 
1764 2.45243e+37 
1765 2.46547e+37 
1766 2.47944e+37 
1767 2.49431e+37 
1768 2.51006e+37 
1769 2.52666e+37 
1770 2.5441e+37 
1771 2.56235e+37 
1772 2.58138e+37 
1773 2.60118e+37 
1774 2.62171e+37 
1775 2.64297e+37 
1776 2.66491e+37 
1777 2.68752e+37 
1778 2.71078e+37 
1779 2.73466e+37 
1780 2.75913e+37 
1781 2.78417e+37 
1782 2.80976e+37 
1783 2.83588e+37 
1784 2.86249e+37 
1785 2.88957e+37 
1786 2.9171e+37 
1787 2.94505e+37 
1788 2.9734e+37 
1789 3.00212e+37 
1790 3.03118e+37 
1791 3.06057e+37 
1792 3.09026e+37 
1793 3.12021e+37 
1794 3.1504e+37 
1795 3.18082e+37 
1796 3.21142e+37 
1797 3.24219e+37 
1798 3.2731e+37 
1799 3.30412e+37 
1800 3.33522e+37 
1801 3.36639e+37 
1802 3.3976e+37 
1803 3.42884e+37 
1804 3.46009e+37 
1805 3.49135e+37 
1806 3.52258e+37 
1807 3.55379e+37 
1808 3.58495e+37 
1809 3.61604e+37 
1810 3.64706e+37 
1811 3.67799e+37 
1812 3.70881e+37 
1813 3.73951e+37 
1814 3.77007e+37 
1815 3.80047e+37 
1816 3.8307e+37 
1817 3.86075e+37 
1818 3.89059e+37 
1819 3.92022e+37 
1820 3.94961e+37 
1821 3.97875e+37 
1822 4.00763e+37 
1823 4.03622e+37 
1824 4.06452e+37 
1825 4.0925e+37 
1826 4.12015e+37 
1827 4.14745e+37 
1828 4.17438e+37 
1829 4.20094e+37 
1830 4.22709e+37 
1831 4.25283e+37 
1832 4.27814e+37 
1833 4.30301e+37 
1834 4.3274e+37 
1835 4.35132e+37 
1836 4.37473e+37 
1837 4.39763e+37 
1838 4.41999e+37 
1839 4.4418e+37 
1840 4.46305e+37 
1841 4.48371e+37 
1842 4.50376e+37 
1843 4.52319e+37 
1844 4.54199e+37 
1845 4.56013e+37 
1846 4.57759e+37 
1847 4.59436e+37 
1848 4.61042e+37 
1849 4.62576e+37 
1850 4.64034e+37 
1851 4.65417e+37 
1852 4.66723e+37 
1853 4.67954e+37 
1854 4.69108e+37 
1855 4.70187e+37 
1856 4.7119e+37 
1857 4.72118e+37 
1858 4.72972e+37 
1859 4.7375e+37 
1860 4.74453e+37 
1861 4.75083e+37 
1862 4.75638e+37 
1863 4.76119e+37 
1864 4.76526e+37 
1865 4.7686e+37 
1866 4.7712e+37 
1867 4.77308e+37 
1868 4.77422e+37 
1869 4.77464e+37 
1870 4.77433e+37 
1871 4.7733e+37 
1872 4.77156e+37 
1873 4.76909e+37 
1874 4.76591e+37 
1875 4.76201e+37 
1876 4.75741e+37 
1877 4.7521e+37 
1878 4.74608e+37 
1879 4.73936e+37 
1880 4.73194e+37 
1881 4.72382e+37 
1882 4.715e+37 
1883 4.70549e+37 
1884 4.69529e+37 
1885 4.6844e+37 
1886 4.67283e+37 
1887 4.66057e+37 
1888 4.64763e+37 
1889 4.63401e+37 
1890 4.61972e+37 
1891 4.60475e+37 
1892 4.58912e+37 
1893 4.57281e+37 
1894 4.55585e+37 
1895 4.53822e+37 
1896 4.51993e+37 
1897 4.50098e+37 
1898 4.48138e+37 
1899 4.46113e+37 
1900 4.44022e+37 
1901 4.41868e+37 
1902 4.39651e+37 
1903 4.37372e+37 
1904 4.35033e+37 
1905 4.32635e+37 
1906 4.30181e+37 
1907 4.27672e+37 
1908 4.25108e+37 
1909 4.22493e+37 
1910 4.19827e+37 
1911 4.17112e+37 
1912 4.1435e+37 
1913 4.11542e+37 
1914 4.0869e+37 
1915 4.05795e+37 
1916 4.02859e+37 
1917 3.99884e+37 
1918 3.96872e+37 
1919 3.93823e+37 
1920 3.9074e+37 
1921 3.87625e+37 
1922 3.84479e+37 
1923 3.81303e+37 
1924 3.78099e+37 
1925 3.7487e+37 
1926 3.71616e+37 
1927 3.6834e+37 
1928 3.65043e+37 
1929 3.61727e+37 
1930 3.58394e+37 
1931 3.55045e+37 
1932 3.51682e+37 
1933 3.48307e+37 
1934 3.44922e+37 
1935 3.41528e+37 
1936 3.38127e+37 
1937 3.34721e+37 
1938 3.31312e+37 
1939 3.27901e+37 
1940 3.24491e+37 
1941 3.21083e+37 
1942 3.17679e+37 
1943 3.1428e+37 
1944 3.1089e+37 
1945 3.07508e+37 
1946 3.04138e+37 
1947 3.00781e+37 
1948 2.9744e+37 
1949 2.94115e+37 
1950 2.90808e+37 
1951 2.87522e+37 
1952 2.84257e+37 
1953 2.8101e+37 
1954 2.77784e+37 
1955 2.74575e+37 
1956 2.71385e+37 
1957 2.68213e+37 
1958 2.65058e+37 
1959 2.6192e+37 
1960 2.58798e+37 
1961 2.55692e+37 
1962 2.52601e+37 
1963 2.49525e+37 
1964 2.46463e+37 
1965 2.43414e+37 
1966 2.4038e+37 
1967 2.37357e+37 
1968 2.34347e+37 
1969 2.31349e+37 
1970 2.28362e+37 
1971 2.25385e+37 
1972 2.22419e+37 
1973 2.19462e+37 
1974 2.16515e+37 
1975 2.13575e+37 
1976 2.10644e+37 
1977 2.07721e+37 
1978 2.04804e+37 
1979 2.01894e+37 
1980 1.9899e+37 
1981 1.9609e+37 
1982 1.93196e+37 
1983 1.90306e+37 
1984 1.8742e+37 
1985 1.84537e+37 
1986 1.81656e+37 
1987 1.78777e+37 
1988 1.759e+37 
1989 1.73024e+37 
1990 1.70148e+37 
1991 1.67272e+37 
1992 1.64395e+37 
1993 1.61516e+37 
1994 1.58636e+37 
1995 1.55753e+37 
1996 1.52867e+37 
1997 1.49978e+37 
1998 1.47084e+37 
1999 1.44185e+37 
2000 1.41281e+37 
