2 465.487 
3 471.87 
4 480.34 
5 491.342 
6 504.283 
7 518.765 
8 534.501 
9 551.034 
10 568.881 
11 587.153 
12 606.074 
13 625.122 
14 644.808 
15 665.078 
16 684.893 
17 704.599 
18 724.77 
19 745.55 
20 766.533 
21 786.986 
22 806.974 
23 826.731 
24 846.36 
25 865.801 
26 884.891 
27 903.677 
28 922.206 
29 940.44 
30 958.233 
31 975.405 
32 992.011 
33 1008.16 
34 1023.93 
35 1039.4 
36 1054.59 
37 1069.51 
38 1084.1 
39 1098.29 
40 1111.95 
41 1124.93 
42 1137.26 
43 1148.97 
44 1160.12 
45 1170.72 
46 1180.81 
47 1190.41 
48 1199.51 
49 1208.11 
50 1216.19 
51 1223.73 
52 1230.75 
53 1237.26 
54 1243.3 
55 1248.88 
56 1254 
57 1258.68 
58 1262.91 
59 1266.67 
60 1269.96 
61 1272.74 
62 1275.03 
63 1276.86 
64 1278.24 
65 1279.19 
66 1279.72 
67 1279.84 
68 1279.56 
69 1278.88 
70 1277.81 
71 1276.33 
72 1274.46 
73 1272.23 
74 1269.64 
75 1266.7 
76 1263.43 
77 1259.84 
78 1255.94 
79 1251.72 
80 1247.18 
81 1242.33 
82 1237.19 
83 1231.76 
84 1226.06 
85 1220.1 
86 1213.89 
87 1207.45 
88 1200.78 
89 1193.89 
90 1186.78 
91 1179.45 
92 1171.92 
93 1164.2 
94 1156.3 
95 1148.23 
96 1140 
97 1131.61 
98 1123.07 
99 1114.39 
100 1105.56 
101 1096.6 
102 1087.5 
103 1078.3 
104 1068.99 
105 1059.6 
106 1050.13 
107 1040.59 
108 1031.01 
109 1021.38 
110 1011.72 
111 1002.03 
112 992.327 
113 982.612 
114 972.893 
115 963.173 
116 953.457 
117 943.748 
118 934.047 
119 924.355 
120 914.672 
121 904.998 
122 895.341 
123 885.712 
124 876.12 
125 866.574 
126 857.083 
127 847.655 
128 838.298 
129 829.02 
130 819.827 
131 810.725 
132 801.72 
133 792.817 
134 784.021 
135 775.336 
136 766.764 
137 758.308 
138 749.97 
139 741.752 
140 733.653 
141 725.675 
142 717.823 
143 710.103 
144 702.521 
145 695.083 
146 687.793 
147 680.657 
148 673.678 
149 666.86 
150 660.207 
151 653.721 
152 647.406 
153 641.263 
154 635.293 
155 629.498 
156 623.878 
157 618.433 
158 613.163 
159 608.066 
160 603.141 
161 598.387 
162 593.806 
163 589.401 
164 585.175 
165 581.131 
166 577.272 
167 573.598 
168 570.112 
169 566.816 
170 563.71 
171 560.794 
172 558.07 
173 555.536 
174 553.194 
175 551.041 
176 549.077 
177 547.3 
178 545.709 
179 544.3 
180 543.071 
181 542.02 
182 541.147 
183 540.452 
184 539.937 
185 539.601 
186 539.444 
187 539.467 
188 539.669 
189 540.049 
190 540.606 
191 541.339 
192 542.246 
193 543.326 
194 544.576 
195 545.994 
196 547.578 
197 549.324 
198 551.229 
199 553.29 
200 555.503 
201 557.864 
202 560.372 
203 563.027 
204 565.828 
205 568.775 
206 571.867 
207 575.102 
208 578.479 
209 581.997 
210 585.654 
211 589.449 
212 593.38 
213 597.443 
214 601.638 
215 605.962 
216 610.411 
217 614.983 
218 619.676 
219 624.484 
220 629.406 
221 634.438 
222 639.575 
223 644.813 
224 650.149 
225 655.577 
226 661.093 
227 666.696 
228 672.385 
229 678.157 
230 684.011 
231 689.946 
232 695.959 
233 702.05 
234 708.215 
235 714.453 
236 720.762 
237 727.14 
238 733.584 
239 740.092 
240 746.66 
241 753.287 
242 759.97 
243 766.706 
244 773.491 
245 780.323 
246 787.199 
247 794.115 
248 801.067 
249 808.052 
250 815.067 
251 822.108 
252 829.173 
253 836.26 
254 843.368 
255 850.496 
256 857.641 
257 864.802 
258 871.977 
259 879.164 
260 886.362 
261 893.568 
262 900.781 
263 907.998 
264 915.217 
265 922.436 
266 929.654 
267 936.868 
268 944.075 
269 951.273 
270 958.46 
271 965.634 
272 972.791 
273 979.93 
274 987.048 
275 994.142 
276 1001.21 
277 1008.25 
278 1015.26 
279 1022.24 
280 1029.19 
281 1036.11 
282 1042.99 
283 1049.84 
284 1056.64 
285 1063.42 
286 1070.15 
287 1076.84 
288 1083.48 
289 1090.09 
290 1096.65 
291 1103.16 
292 1109.62 
293 1116.04 
294 1122.4 
295 1128.71 
296 1134.96 
297 1141.16 
298 1147.31 
299 1153.39 
300 1159.42 
301 1165.38 
302 1171.28 
303 1177.11 
304 1182.89 
305 1188.59 
306 1194.24 
307 1199.81 
308 1205.33 
309 1210.77 
310 1216.15 
311 1221.45 
312 1226.69 
313 1231.86 
314 1236.96 
315 1241.99 
316 1246.95 
317 1251.84 
318 1256.66 
319 1261.4 
320 1266.07 
321 1270.67 
322 1275.19 
323 1279.64 
324 1284.02 
325 1288.32 
326 1292.55 
327 1296.7 
328 1300.77 
329 1304.77 
330 1308.69 
331 1312.53 
332 1316.3 
333 1319.99 
334 1323.6 
335 1327.14 
336 1330.59 
337 1333.97 
338 1337.27 
339 1340.49 
340 1343.63 
341 1346.7 
342 1349.68 
343 1352.59 
344 1355.41 
345 1358.16 
346 1360.82 
347 1363.41 
348 1365.92 
349 1368.35 
350 1370.7 
351 1372.97 
352 1375.16 
353 1377.27 
354 1379.3 
355 1381.25 
356 1383.12 
357 1384.91 
358 1386.62 
359 1388.26 
360 1389.81 
361 1391.28 
362 1392.68 
363 1393.99 
364 1395.23 
365 1396.39 
366 1397.47 
367 1398.47 
368 1399.39 
369 1400.23 
370 1400.99 
371 1401.68 
372 1402.29 
373 1402.82 
374 1403.28 
375 1403.66 
376 1403.96 
377 1404.19 
378 1404.34 
379 1404.41 
380 1404.41 
381 1404.34 
382 1404.19 
383 1403.97 
384 1403.68 
385 1403.31 
386 1402.88 
387 1402.37 
388 1401.79 
389 1401.14 
390 1400.42 
391 1399.63 
392 1398.77 
393 1397.85 
394 1396.86 
395 1395.8 
396 1394.68 
397 1393.49 
398 1392.24 
399 1390.93 
400 1389.55 
401 1388.12 
402 1386.62 
403 1385.06 
404 1383.44 
405 1381.76 
406 1380.02 
407 1378.22 
408 1376.36 
409 1374.45 
410 1372.47 
411 1370.44 
412 1368.35 
413 1366.2 
414 1363.99 
415 1361.73 
416 1359.41 
417 1357.04 
418 1354.61 
419 1352.13 
420 1349.59 
421 1347 
422 1344.36 
423 1341.66 
424 1338.91 
425 1336.11 
426 1333.26 
427 1330.36 
428 1327.41 
429 1324.41 
430 1321.36 
431 1318.26 
432 1315.12 
433 1311.92 
434 1308.69 
435 1305.4 
436 1302.07 
437 1298.7 
438 1295.29 
439 1291.83 
440 1288.33 
441 1284.78 
442 1281.2 
443 1277.58 
444 1273.92 
445 1270.22 
446 1266.48 
447 1262.71 
448 1258.9 
449 1255.06 
450 1251.18 
451 1247.27 
452 1243.32 
453 1239.35 
454 1235.34 
455 1231.3 
456 1227.23 
457 1223.14 
458 1219.01 
459 1214.85 
460 1210.67 
461 1206.46 
462 1202.22 
463 1197.96 
464 1193.67 
465 1189.35 
466 1185.02 
467 1180.65 
468 1176.27 
469 1171.86 
470 1167.44 
471 1162.99 
472 1158.52 
473 1154.03 
474 1149.53 
475 1145 
476 1140.46 
477 1135.9 
478 1131.33 
479 1126.74 
480 1122.14 
481 1117.53 
482 1112.9 
483 1108.26 
484 1103.61 
485 1098.95 
486 1094.28 
487 1089.61 
488 1084.92 
489 1080.23 
490 1075.53 
491 1070.83 
492 1066.13 
493 1061.42 
494 1056.71 
495 1051.99 
496 1047.28 
497 1042.57 
498 1037.86 
499 1033.15 
500 1028.45 
501 1023.74 
502 1019.05 
503 1014.36 
504 1009.67 
505 1005 
506 1000.33 
507 995.663 
508 991.007 
509 986.361 
510 981.724 
511 977.096 
512 972.479 
513 967.873 
514 963.278 
515 958.696 
516 954.125 
517 949.568 
518 945.025 
519 940.496 
520 935.982 
521 931.483 
522 927.001 
523 922.535 
524 918.086 
525 913.654 
526 909.242 
527 904.848 
528 900.473 
529 896.119 
530 891.786 
531 887.474 
532 883.183 
533 878.915 
534 874.671 
535 870.45 
536 866.253 
537 862.082 
538 857.935 
539 853.816 
540 849.722 
541 845.657 
542 841.619 
543 837.61 
544 833.63 
545 829.68 
546 825.761 
547 821.873 
548 818.016 
549 814.192 
550 810.401 
551 806.644 
552 802.921 
553 799.231 
554 795.576 
555 791.954 
556 788.367 
557 784.814 
558 781.295 
559 777.811 
560 774.361 
561 770.946 
562 767.565 
563 764.219 
564 760.907 
565 757.63 
566 754.388 
567 751.181 
568 748.008 
569 744.869 
570 741.766 
571 738.697 
572 735.663 
573 732.664 
574 729.699 
575 726.768 
576 723.873 
577 721.011 
578 718.185 
579 715.392 
580 712.634 
581 709.91 
582 707.22 
583 704.565 
584 701.943 
585 699.355 
586 696.801 
587 694.28 
588 691.793 
589 689.339 
590 686.919 
591 684.531 
592 682.177 
593 679.855 
594 677.566 
595 675.309 
596 673.085 
597 670.892 
598 668.732 
599 666.603 
600 664.505 
601 662.439 
602 660.403 
603 658.398 
604 656.423 
605 654.478 
606 652.562 
607 650.675 
608 648.817 
609 646.986 
610 645.184 
611 643.408 
612 641.659 
613 639.937 
614 638.24 
615 636.569 
616 634.922 
617 633.3 
618 631.702 
619 630.126 
620 628.574 
621 627.044 
622 625.536 
623 624.048 
624 622.581 
625 621.134 
626 619.707 
627 618.298 
628 616.907 
629 615.534 
630 614.178 
631 612.837 
632 611.513 
633 610.203 
634 608.907 
635 607.625 
636 606.356 
637 605.099 
638 603.853 
639 602.618 
640 601.392 
641 600.176 
642 598.968 
643 597.768 
644 596.574 
645 595.387 
646 594.204 
647 593.026 
648 591.851 
649 590.679 
650 589.509 
651 588.34 
652 587.171 
653 586.003 
654 584.834 
655 583.666 
656 582.496 
657 581.326 
658 580.155 
659 578.982 
660 577.807 
661 576.629 
662 575.45 
663 574.267 
664 573.081 
665 571.891 
666 570.698 
667 569.5 
668 568.297 
669 567.089 
670 565.876 
671 564.657 
672 563.432 
673 562.2 
674 560.961 
675 559.714 
676 558.46 
677 557.198 
678 555.927 
679 554.646 
680 553.357 
681 552.057 
682 550.747 
683 549.426 
684 548.094 
685 546.75 
686 545.394 
687 544.025 
688 542.643 
689 541.248 
690 539.838 
691 538.414 
692 536.975 
693 535.521 
694 534.05 
695 532.563 
696 531.059 
697 529.537 
698 527.997 
699 526.439 
700 524.861 
701 523.264 
702 521.648 
703 520.012 
704 518.358 
705 516.685 
706 514.993 
707 513.284 
708 511.557 
709 509.812 
710 508.049 
711 506.27 
712 504.475 
713 502.662 
714 500.834 
715 498.99 
716 497.13 
717 495.256 
718 493.366 
719 491.462 
720 489.544 
721 487.611 
722 485.665 
723 483.706 
724 481.734 
725 479.75 
726 477.753 
727 475.744 
728 473.724 
729 471.692 
730 469.65 
731 467.598 
732 465.535 
733 463.462 
734 461.38 
735 459.29 
736 457.19 
737 455.083 
738 452.967 
739 450.845 
740 448.715 
741 446.578 
742 444.436 
743 442.287 
744 440.134 
745 437.975 
746 435.812 
747 433.644 
748 431.473 
749 429.299 
750 427.122 
751 424.943 
752 422.762 
753 420.58 
754 418.397 
755 416.214 
756 414.032 
757 411.851 
758 409.672 
759 407.495 
760 405.322 
761 403.152 
762 400.986 
763 398.826 
764 396.671 
765 394.522 
766 392.381 
767 390.247 
768 388.122 
769 386.005 
770 383.898 
771 381.802 
772 379.716 
773 377.642 
774 375.581 
775 373.533 
776 371.499 
777 369.48 
778 367.476 
779 365.488 
780 363.517 
781 361.563 
782 359.628 
783 357.712 
784 355.816 
785 353.941 
786 352.087 
787 350.256 
788 348.447 
789 346.663 
790 344.903 
791 343.168 
792 341.46 
793 339.779 
794 338.126 
795 336.502 
796 334.907 
797 333.343 
798 331.811 
799 330.31 
800 328.843 
801 327.41 
802 326.01 
803 324.645 
804 323.315 
805 322.02 
806 320.759 
807 319.534 
808 318.343 
809 317.189 
810 316.07 
811 314.987 
812 313.94 
813 312.929 
814 311.955 
815 311.018 
816 310.117 
817 309.253 
818 308.427 
819 307.637 
820 306.886 
821 306.172 
822 305.496 
823 304.859 
824 304.259 
825 303.698 
826 303.176 
827 302.692 
828 302.248 
829 301.843 
830 301.477 
831 301.151 
832 300.864 
833 300.618 
834 300.412 
835 300.245 
836 300.12 
837 300.035 
838 299.991 
839 299.987 
840 300.025 
841 300.105 
842 300.226 
843 300.388 
844 300.592 
845 300.839 
846 301.127 
847 301.459 
848 301.832 
849 302.248 
850 302.708 
851 303.21 
852 303.754 
853 304.341 
854 304.969 
855 305.638 
856 306.348 
857 307.097 
858 307.885 
859 308.713 
860 309.578 
861 310.48 
862 311.42 
863 312.396 
864 313.407 
865 314.454 
866 315.535 
867 316.649 
868 317.797 
869 318.978 
870 320.19 
871 321.433 
872 322.707 
873 324.01 
874 325.343 
875 326.704 
876 328.093 
877 329.509 
878 330.951 
879 332.419 
880 333.912 
881 335.428 
882 336.968 
883 338.531 
884 340.116 
885 341.721 
886 343.347 
887 344.992 
888 346.656 
889 348.338 
890 350.037 
891 351.752 
892 353.483 
893 355.228 
894 356.987 
895 358.759 
896 360.543 
897 362.338 
898 364.143 
899 365.958 
900 367.781 
901 369.612 
902 371.45 
903 373.294 
904 375.143 
905 376.997 
906 378.855 
907 380.716 
908 382.579 
909 384.444 
910 386.31 
911 388.176 
912 390.041 
913 391.904 
914 393.765 
915 395.622 
916 397.476 
917 399.325 
918 401.167 
919 403.004 
920 404.833 
921 406.653 
922 408.465 
923 410.266 
924 412.056 
925 413.835 
926 415.601 
927 417.353 
928 419.09 
929 420.813 
930 422.518 
931 424.207 
932 425.877 
933 427.528 
934 429.159 
935 430.769 
936 432.356 
937 433.921 
938 435.461 
939 436.977 
940 438.466 
941 439.929 
942 441.363 
943 442.768 
944 444.144 
945 445.488 
946 446.799 
947 448.078 
948 449.322 
949 450.531 
950 451.704 
951 452.839 
952 453.937 
953 454.996 
954 456.018 
955 457.002 
956 457.947 
957 458.854 
958 459.722 
959 460.551 
960 461.342 
961 462.094 
962 462.806 
963 463.479 
964 464.112 
965 464.706 
966 465.26 
967 465.774 
968 466.248 
969 466.682 
970 467.075 
971 467.427 
972 467.739 
973 468.01 
974 468.24 
975 468.429 
976 468.576 
977 468.682 
978 468.746 
979 468.769 
980 468.749 
981 468.688 
982 468.584 
983 468.438 
984 468.249 
985 468.018 
986 467.744 
987 467.427 
988 467.066 
989 466.663 
990 466.216 
991 465.726 
992 465.192 
993 464.614 
994 463.992 
995 463.326 
996 462.615 
997 461.861 
998 461.061 
999 460.218 
1000 459.329 
1001 458.395 
1002 457.417 
1003 456.395 
1004 455.33 
1005 454.222 
1006 453.072 
1007 451.881 
1008 450.648 
1009 449.375 
1010 448.063 
1011 446.711 
1012 445.321 
1013 443.893 
1014 442.428 
1015 440.927 
1016 439.389 
1017 437.816 
1018 436.209 
1019 434.567 
1020 432.893 
1021 431.185 
1022 429.446 
1023 427.676 
1024 425.875 
1025 424.044 
1026 422.184 
1027 420.296 
1028 418.38 
1029 416.437 
1030 414.468 
1031 412.473 
1032 410.454 
1033 408.41 
1034 406.344 
1035 404.255 
1036 402.144 
1037 400.013 
1038 397.861 
1039 395.69 
1040 393.5 
1041 391.293 
1042 389.069 
1043 386.829 
1044 384.573 
1045 382.303 
1046 380.02 
1047 377.723 
1048 375.415 
1049 373.096 
1050 370.766 
1051 368.428 
1052 366.08 
1053 363.725 
1054 361.362 
1055 358.993 
1056 356.617 
1057 354.236 
1058 351.85 
1059 349.46 
1060 347.067 
1061 344.671 
1062 342.273 
1063 339.873 
1064 337.473 
1065 335.072 
1066 332.673 
1067 330.275 
1068 327.879 
1069 325.486 
1070 323.096 
1071 320.711 
1072 318.33 
1073 315.956 
1074 313.588 
1075 311.227 
1076 308.874 
1077 306.53 
1078 304.196 
1079 301.871 
1080 299.558 
1081 297.257 
1082 294.968 
1083 292.693 
1084 290.432 
1085 288.186 
1086 285.956 
1087 283.742 
1088 281.546 
1089 279.368 
1090 277.209 
1091 275.07 
1092 272.952 
1093 270.855 
1094 268.781 
1095 266.73 
1096 264.704 
1097 262.702 
1098 260.726 
1099 258.777 
1100 256.856 
1101 254.963 
1102 253.098 
1103 251.262 
1104 249.455 
1105 247.676 
1106 245.927 
1107 244.205 
1108 242.513 
1109 240.85 
1110 239.215 
1111 237.609 
1112 236.032 
1113 234.484 
1114 232.965 
1115 231.475 
1116 230.014 
1117 228.582 
1118 227.179 
1119 225.805 
1120 224.461 
1121 223.145 
1122 221.859 
1123 220.602 
1124 219.374 
1125 218.175 
1126 217.006 
1127 215.866 
1128 214.755 
1129 213.674 
1130 212.622 
1131 211.599 
1132 210.605 
1133 209.641 
1134 208.707 
1135 207.801 
1136 206.926 
1137 206.079 
1138 205.262 
1139 204.475 
1140 203.717 
1141 202.988 
1142 202.289 
1143 201.62 
1144 200.98 
1145 200.369 
1146 199.788 
1147 199.236 
1148 198.714 
1149 198.222 
1150 197.759 
1151 197.325 
1152 196.921 
1153 196.545 
1154 196.197 
1155 195.876 
1156 195.583 
1157 195.316 
1158 195.075 
1159 194.859 
1160 194.669 
1161 194.502 
1162 194.36 
1163 194.241 
1164 194.145 
1165 194.071 
1166 194.018 
1167 193.987 
1168 193.976 
1169 193.986 
1170 194.014 
1171 194.062 
1172 194.128 
1173 194.211 
1174 194.312 
1175 194.429 
1176 194.562 
1177 194.711 
1178 194.874 
1179 195.051 
1180 195.241 
1181 195.445 
1182 195.661 
1183 195.888 
1184 196.126 
1185 196.375 
1186 196.633 
1187 196.9 
1188 197.176 
1189 197.46 
1190 197.75 
1191 198.047 
1192 198.35 
1193 198.657 
1194 198.97 
1195 199.285 
1196 199.604 
1197 199.925 
1198 200.248 
1199 200.572 
1200 200.895 
1201 201.219 
1202 201.541 
1203 201.863 
1204 202.182 
1205 202.5 
1206 202.815 
1207 203.127 
1208 203.436 
1209 203.742 
1210 204.043 
1211 204.34 
1212 204.633 
1213 204.92 
1214 205.201 
1215 205.477 
1216 205.746 
1217 206.008 
1218 206.263 
1219 206.51 
1220 206.749 
1221 206.979 
1222 207.201 
1223 207.413 
1224 207.615 
1225 207.807 
1226 207.989 
1227 208.159 
1228 208.318 
1229 208.464 
1230 208.598 
1231 208.719 
1232 208.827 
1233 208.921 
1234 209 
1235 209.065 
1236 209.115 
1237 209.148 
1238 209.166 
1239 209.167 
1240 209.151 
1241 209.117 
1242 209.065 
1243 208.995 
1244 208.905 
1245 208.796 
1246 208.667 
1247 208.517 
1248 208.347 
1249 208.154 
1250 207.94 
1251 207.703 
1252 207.444 
1253 207.163 
1254 206.86 
1255 206.535 
1256 206.188 
1257 205.819 
1258 205.43 
1259 205.019 
1260 204.587 
1261 204.135 
1262 203.662 
1263 203.169 
1264 202.655 
1265 202.121 
1266 201.568 
1267 200.995 
1268 200.403 
1269 199.791 
1270 199.161 
1271 198.511 
1272 197.844 
1273 197.157 
1274 196.453 
1275 195.73 
1276 194.99 
1277 194.232 
1278 193.457 
1279 192.665 
1280 191.856 
1281 191.031 
1282 190.188 
1283 189.33 
1284 188.456 
1285 187.566 
1286 186.66 
1287 185.739 
1288 184.803 
1289 183.852 
1290 182.887 
1291 181.907 
1292 180.913 
1293 179.905 
1294 178.883 
1295 177.848 
1296 176.8 
1297 175.739 
1298 174.665 
1299 173.579 
1300 172.481 
1301 171.371 
1302 170.249 
1303 169.117 
1304 167.974 
1305 166.821 
1306 165.658 
1307 164.487 
1308 163.307 
1309 162.119 
1310 160.923 
1311 159.721 
1312 158.512 
1313 157.296 
1314 156.076 
1315 154.85 
1316 153.62 
1317 152.386 
1318 151.148 
1319 149.908 
1320 148.665 
1321 147.42 
1322 146.174 
1323 144.928 
1324 143.681 
1325 142.434 
1326 141.188 
1327 139.944 
1328 138.702 
1329 137.462 
1330 136.225 
1331 134.992 
1332 133.763 
1333 132.539 
1334 131.32 
1335 130.107 
1336 128.901 
1337 127.702 
1338 126.511 
1339 125.328 
1340 124.154 
1341 122.989 
1342 121.834 
1343 120.69 
1344 119.558 
1345 118.437 
1346 117.329 
1347 116.234 
1348 115.153 
1349 114.086 
1350 113.035 
1351 111.998 
1352 110.978 
1353 109.974 
1354 108.986 
1355 108.014 
1356 107.06 
1357 106.121 
1358 105.2 
1359 104.297 
1360 103.41 
1361 102.541 
1362 101.691 
1363 100.858 
1364 100.043 
1365 99.2466 
1366 98.469 
1367 97.7102 
1368 96.9704 
1369 96.2499 
1370 95.5488 
1371 94.8674 
1372 94.2058 
1373 93.5643 
1374 92.9431 
1375 92.3424 
1376 91.7624 
1377 91.2034 
1378 90.6654 
1379 90.1488 
1380 89.6538 
1381 89.1805 
1382 88.7292 
1383 88.3002 
1384 87.8935 
1385 87.5095 
1386 87.1484 
1387 86.8103 
1388 86.4956 
1389 86.2043 
1390 85.9369 
1391 85.6934 
1392 85.474 
1393 85.2792 
1394 85.1089 
1395 84.9635 
1396 84.8433 
1397 84.7483 
1398 84.679 
1399 84.6354 
1400 84.6178 
1401 84.6264 
1402 84.661 
1403 84.7211 
1404 84.8067 
1405 84.9172 
1406 85.0525 
1407 85.2121 
1408 85.3958 
1409 85.6033 
1410 85.8342 
1411 86.0882 
1412 86.365 
1413 86.6643 
1414 86.9856 
1415 87.3288 
1416 87.6934 
1417 88.0791 
1418 88.4856 
1419 88.9126 
1420 89.3596 
1421 89.8264 
1422 90.3125 
1423 90.8177 
1424 91.3416 
1425 91.8837 
1426 92.4439 
1427 93.0217 
1428 93.6167 
1429 94.2286 
1430 94.857 
1431 95.5015 
1432 96.1618 
1433 96.8375 
1434 97.5282 
1435 98.2335 
1436 98.9531 
1437 99.6866 
1438 100.434 
1439 101.194 
1440 101.966 
1441 102.751 
1442 103.548 
1443 104.357 
1444 105.176 
1445 106.007 
1446 106.847 
1447 107.698 
1448 108.557 
1449 109.426 
1450 110.304 
1451 111.19 
1452 112.084 
1453 112.985 
1454 113.892 
1455 114.807 
1456 115.727 
1457 116.653 
1458 117.584 
1459 118.52 
1460 119.46 
1461 120.403 
1462 121.35 
1463 122.3 
1464 123.251 
1465 124.205 
1466 125.16 
1467 126.116 
1468 127.073 
1469 128.029 
1470 128.985 
1471 129.939 
1472 130.892 
1473 131.843 
1474 132.792 
1475 133.737 
1476 134.679 
1477 135.617 
1478 136.55 
1479 137.479 
1480 138.401 
1481 139.318 
1482 140.228 
1483 141.131 
1484 142.026 
1485 142.913 
1486 143.791 
1487 144.66 
1488 145.519 
1489 146.368 
1490 147.206 
1491 148.033 
1492 148.847 
1493 149.65 
1494 150.439 
1495 151.214 
1496 151.976 
1497 152.722 
1498 153.454 
1499 154.169 
1500 154.868 
1501 155.551 
1502 156.216 
1503 156.864 
1504 157.494 
1505 158.108 
1506 158.704 
1507 159.282 
1508 159.843 
1509 160.385 
1510 160.91 
1511 161.417 
1512 161.906 
1513 162.377 
1514 162.829 
1515 163.264 
1516 163.679 
1517 164.076 
1518 164.454 
1519 164.814 
1520 165.154 
1521 165.476 
1522 165.778 
1523 166.062 
1524 166.326 
1525 166.57 
1526 166.795 
1527 167.001 
1528 167.186 
1529 167.352 
1530 167.498 
1531 167.623 
1532 167.729 
1533 167.814 
1534 167.879 
1535 167.924 
1536 167.948 
1537 167.951 
1538 167.933 
1539 167.895 
1540 167.835 
1541 167.755 
1542 167.653 
1543 167.529 
1544 167.385 
1545 167.218 
1546 167.03 
1547 166.821 
1548 166.589 
1549 166.335 
1550 166.06 
1551 165.762 
1552 165.442 
1553 165.1 
1554 164.738 
1555 164.354 
1556 163.949 
1557 163.524 
1558 163.079 
1559 162.614 
1560 162.13 
1561 161.626 
1562 161.104 
1563 160.563 
1564 160.004 
1565 159.427 
1566 158.833 
1567 158.221 
1568 157.592 
1569 156.947 
1570 156.286 
1571 155.609 
1572 154.916 
1573 154.208 
1574 153.485 
1575 152.747 
1576 151.996 
1577 151.23 
1578 150.451 
1579 149.659 
1580 148.854 
1581 148.037 
1582 147.207 
1583 146.366 
1584 145.514 
1585 144.65 
1586 143.776 
1587 142.892 
1588 141.997 
1589 141.093 
1590 140.18 
1591 139.258 
1592 138.328 
1593 137.39 
1594 136.444 
1595 135.491 
1596 134.531 
1597 133.564 
1598 132.591 
1599 131.613 
1600 130.629 
1601 129.64 
1602 128.647 
1603 127.649 
1604 126.648 
1605 125.643 
1606 124.634 
1607 123.623 
1608 122.609 
1609 121.592 
1610 120.574 
1611 119.554 
1612 118.533 
1613 117.51 
1614 116.488 
1615 115.465 
1616 114.442 
1617 113.419 
1618 112.398 
1619 111.377 
1620 110.358 
1621 109.341 
1622 108.326 
1623 107.314 
1624 106.305 
1625 105.299 
1626 104.296 
1627 103.298 
1628 102.304 
1629 101.315 
1630 100.331 
1631 99.3528 
1632 98.3803 
1633 97.4142 
1634 96.4547 
1635 95.5023 
1636 94.5573 
1637 93.6201 
1638 92.6911 
1639 91.7707 
1640 90.8593 
1641 89.9572 
1642 89.065 
1643 88.1828 
1644 87.3113 
1645 86.4507 
1646 85.6014 
1647 84.764 
1648 83.9386 
1649 83.1259 
1650 82.3261 
1651 81.5397 
1652 80.7666 
1653 80.007 
1654 79.2607 
1655 78.5279 
1656 77.8086 
1657 77.1027 
1658 76.4102 
1659 75.7313 
1660 75.0658 
1661 74.4138 
1662 73.7753 
1663 73.1503 
1664 72.5389 
1665 71.9409 
1666 71.3566 
1667 70.7857 
1668 70.2285 
1669 69.6848 
1670 69.1546 
1671 68.6381 
1672 68.1352 
1673 67.6458 
1674 67.1701 
1675 66.708 
1676 66.2596 
1677 65.8247 
1678 65.4035 
1679 64.996 
1680 64.6021 
1681 64.2219 
1682 63.8554 
1683 63.5025 
1684 63.1633 
1685 62.8378 
1686 62.526 
1687 62.228 
1688 61.9436 
1689 61.673 
1690 61.416 
1691 61.1728 
1692 60.9434 
1693 60.7277 
1694 60.5257 
1695 60.3375 
1696 60.163 
1697 60.0023 
1698 59.8554 
1699 59.7222 
1700 59.6028 
1701 59.4972 
1702 59.4051 
1703 59.3262 
1704 59.2604 
1705 59.2074 
1706 59.1669 
1707 59.1387 
1708 59.1224 
1709 59.118 
1710 59.125 
1711 59.1433 
1712 59.1725 
1713 59.2125 
1714 59.2629 
1715 59.3235 
1716 59.3941 
1717 59.4742 
1718 59.5638 
1719 59.6625 
1720 59.77 
1721 59.886 
1722 60.0104 
1723 60.1428 
1724 60.2829 
1725 60.4304 
1726 60.5851 
1727 60.7468 
1728 60.915 
1729 61.0895 
1730 61.2701 
1731 61.4565 
1732 61.6483 
1733 61.8453 
1734 62.0471 
1735 62.2536 
1736 62.4643 
1737 62.679 
1738 62.8974 
1739 63.1193 
1740 63.3442 
1741 63.5719 
1742 63.8021 
1743 64.0345 
1744 64.2688 
1745 64.5046 
1746 64.7418 
1747 64.9799 
1748 65.2186 
1749 65.4576 
1750 65.6967 
1751 65.9355 
1752 66.1738 
1753 66.4115 
1754 66.6483 
1755 66.8841 
1756 67.1187 
1757 67.3518 
1758 67.5834 
1759 67.8132 
1760 68.0411 
1761 68.2668 
1762 68.4901 
1763 68.7109 
1764 68.929 
1765 69.1442 
1766 69.3563 
1767 69.5651 
1768 69.7703 
1769 69.9719 
1770 70.1696 
1771 70.3632 
1772 70.5525 
1773 70.7373 
1774 70.9174 
1775 71.0927 
1776 71.2628 
1777 71.4277 
1778 71.5871 
1779 71.7407 
1780 71.8885 
1781 72.0302 
1782 72.1655 
1783 72.2943 
1784 72.4164 
1785 72.5316 
1786 72.6396 
1787 72.7402 
1788 72.8332 
1789 72.9185 
1790 72.9958 
1791 73.0648 
1792 73.1254 
1793 73.1774 
1794 73.2205 
1795 73.2545 
1796 73.2792 
1797 73.2944 
1798 73.2999 
1799 73.2953 
1800 73.2806 
1801 73.2556 
1802 73.2202 
1803 73.1745 
1804 73.1187 
1805 73.0528 
1806 72.9769 
1807 72.891 
1808 72.7953 
1809 72.6898 
1810 72.5747 
1811 72.4499 
1812 72.3156 
1813 72.1719 
1814 72.0188 
1815 71.8565 
1816 71.685 
1817 71.5043 
1818 71.3147 
1819 71.1161 
1820 70.9087 
1821 70.6926 
1822 70.4678 
1823 70.2344 
1824 69.9925 
1825 69.7423 
1826 69.4837 
1827 69.2169 
1828 68.942 
1829 68.6591 
1830 68.3682 
1831 68.0695 
1832 67.763 
1833 67.4489 
1834 67.1271 
1835 66.7979 
1836 66.4614 
1837 66.1175 
1838 65.7665 
1839 65.4083 
1840 65.0432 
1841 64.6712 
1842 64.2923 
1843 63.9068 
1844 63.5147 
1845 63.116 
1846 62.711 
1847 62.2996 
1848 61.882 
1849 61.4584 
1850 61.0287 
1851 60.5931 
1852 60.1519 
1853 59.7051 
1854 59.2531 
1855 58.7961 
1856 58.3341 
1857 57.8676 
1858 57.3966 
1859 56.9214 
1860 56.4422 
1861 55.9592 
1862 55.4727 
1863 54.9828 
1864 54.4898 
1865 53.9939 
1866 53.4953 
1867 52.9942 
1868 52.4909 
1869 51.9856 
1870 51.4785 
1871 50.9698 
1872 50.4598 
1873 49.9487 
1874 49.4367 
1875 48.9241 
1876 48.411 
1877 47.8978 
1878 47.3846 
1879 46.8717 
1880 46.3593 
1881 45.8476 
1882 45.337 
1883 44.8276 
1884 44.3196 
1885 43.8133 
1886 43.309 
1887 42.8069 
1888 42.3072 
1889 41.8102 
1890 41.3161 
1891 40.8251 
1892 40.3376 
1893 39.8537 
1894 39.3738 
1895 38.898 
1896 38.4266 
1897 37.9599 
1898 37.498 
1899 37.0414 
1900 36.5902 
1901 36.1446 
1902 35.7048 
1903 35.2709 
1904 34.8431 
1905 34.4213 
1906 34.0058 
1907 33.5965 
1908 33.1938 
1909 32.7976 
1910 32.408 
1911 32.0253 
1912 31.6494 
1913 31.2805 
1914 30.9188 
1915 30.5643 
1916 30.2171 
1917 29.8774 
1918 29.5452 
1919 29.2208 
1920 28.9041 
1921 28.5954 
1922 28.2947 
1923 28.0021 
1924 27.7179 
1925 27.442 
1926 27.1746 
1927 26.9158 
1928 26.6658 
1929 26.4246 
1930 26.1924 
1931 25.9693 
1932 25.7554 
1933 25.5509 
1934 25.3558 
1935 25.1703 
1936 24.9945 
1937 24.8286 
1938 24.6726 
1939 24.5266 
1940 24.3909 
1941 24.2654 
1942 24.1504 
1943 24.046 
1944 23.9523 
1945 23.8694 
1946 23.7974 
1947 23.7365 
1948 23.6868 
1949 23.6484 
1950 23.6215 
1951 23.6061 
1952 23.6021 
1953 23.6093 
1954 23.6274 
1955 23.6563 
1956 23.6959 
1957 23.7458 
1958 23.8058 
1959 23.8759 
1960 23.9557 
1961 24.045 
1962 24.1438 
1963 24.2516 
1964 24.3684 
1965 24.4939 
1966 24.628 
1967 24.7703 
1968 24.9207 
1969 25.079 
1970 25.245 
1971 25.4184 
1972 25.5991 
1973 25.7867 
1974 25.9812 
1975 26.1822 
1976 26.3896 
1977 26.6031 
1978 26.8225 
1979 27.0476 
1980 27.2782 
1981 27.514 
1982 27.7548 
1983 28.0004 
1984 28.2506 
1985 28.5051 
1986 28.7637 
1987 29.0261 
1988 29.2922 
1989 29.5617 
1990 29.8344 
1991 30.11 
1992 30.3883 
1993 30.669 
1994 30.952 
1995 31.237 
1996 31.5237 
1997 31.8119 
1998 32.1014 
1999 32.3919 
2000 32.6832 
