2 948.938 
3 926.862 
4 905.85 
5 886.981 
6 869.483 
7 852.93 
8 837.069 
9 821.262 
10 806.825 
11 792.17 
12 777.967 
13 763.326 
14 749.465 
15 736.442 
16 722.275 
17 707.787 
18 694.254 
19 682.076 
20 670.548 
21 658.296 
22 645.527 
23 632.783 
24 620.342 
25 608.161 
26 595.999 
27 584.005 
28 572.329 
29 560.95 
30 549.649 
31 538.134 
32 526.543 
33 515.113 
34 504.038 
35 493.467 
36 483.492 
37 474.14 
38 465.373 
39 457.073 
40 449.04 
41 441.059 
42 433.172 
43 425.479 
44 418.072 
45 411.027 
46 404.407 
47 398.26 
48 392.612 
49 387.474 
50 382.834 
51 378.676 
52 375.038 
53 371.967 
54 369.503 
55 367.672 
56 366.495 
57 365.976 
58 366.11 
59 366.88 
60 368.252 
61 370.196 
62 372.728 
63 375.875 
64 379.658 
65 384.095 
66 389.198 
67 394.975 
68 401.427 
69 408.55 
70 416.333 
71 424.766 
72 433.856 
73 443.612 
74 454.041 
75 465.147 
76 476.929 
77 489.384 
78 502.504 
79 516.277 
80 530.688 
81 545.722 
82 561.376 
83 577.654 
84 594.555 
85 612.076 
86 630.213 
87 648.959 
88 668.305 
89 688.241 
90 708.751 
91 729.823 
92 751.45 
93 773.625 
94 796.342 
95 819.592 
96 843.364 
97 867.647 
98 892.427 
99 917.689 
100 943.416 
101 969.591 
102 996.207 
103 1023.26 
104 1050.73 
105 1078.63 
106 1106.94 
107 1135.65 
108 1164.75 
109 1194.23 
110 1224.07 
111 1254.28 
112 1284.82 
113 1315.7 
114 1346.89 
115 1378.37 
116 1410.14 
117 1442.17 
118 1474.44 
119 1506.94 
120 1539.64 
121 1572.53 
122 1605.58 
123 1638.79 
124 1672.15 
125 1705.64 
126 1739.25 
127 1772.96 
128 1806.77 
129 1840.65 
130 1874.6 
131 1908.59 
132 1942.61 
133 1976.65 
134 2010.7 
135 2044.72 
136 2078.71 
137 2112.66 
138 2146.54 
139 2180.33 
140 2214.02 
141 2247.59 
142 2281.02 
143 2314.31 
144 2347.43 
145 2380.38 
146 2413.13 
147 2445.68 
148 2478 
149 2510.09 
150 2541.92 
151 2573.49 
152 2604.78 
153 2635.78 
154 2666.46 
155 2696.82 
156 2726.83 
157 2756.49 
158 2785.77 
159 2814.67 
160 2843.17 
161 2871.24 
162 2898.89 
163 2926.1 
164 2952.85 
165 2979.14 
166 3004.95 
167 3030.28 
168 3055.11 
169 3079.43 
170 3103.24 
171 3126.51 
172 3149.26 
173 3171.45 
174 3193.09 
175 3214.16 
176 3234.65 
177 3254.57 
178 3273.89 
179 3292.6 
180 3310.72 
181 3328.21 
182 3345.08 
183 3361.32 
184 3376.92 
185 3391.88 
186 3406.19 
187 3419.84 
188 3432.83 
189 3445.16 
190 3456.81 
191 3467.79 
192 3478.1 
193 3487.71 
194 3496.64 
195 3504.88 
196 3512.43 
197 3519.29 
198 3525.44 
199 3530.9 
200 3535.66 
201 3539.72 
202 3543.07 
203 3545.72 
204 3547.67 
205 3548.92 
206 3549.46 
207 3549.3 
208 3548.44 
209 3546.88 
210 3544.62 
211 3541.67 
212 3538.03 
213 3533.69 
214 3528.68 
215 3522.98 
216 3516.6 
217 3509.55 
218 3501.83 
219 3493.46 
220 3484.43 
221 3474.75 
222 3464.43 
223 3453.48 
224 3441.9 
225 3429.71 
226 3416.92 
227 3403.52 
228 3389.52 
229 3374.94 
230 3359.78 
231 3344.04 
232 3327.73 
233 3310.86 
234 3293.44 
235 3275.47 
236 3256.97 
237 3237.94 
238 3218.4 
239 3198.35 
240 3177.8 
241 3156.77 
242 3135.27 
243 3113.3 
244 3090.88 
245 3068.02 
246 3044.73 
247 3021.04 
248 2996.95 
249 2972.47 
250 2947.62 
251 2922.42 
252 2896.87 
253 2870.99 
254 2844.78 
255 2818.26 
256 2791.44 
257 2764.32 
258 2736.93 
259 2709.27 
260 2681.35 
261 2653.19 
262 2624.79 
263 2596.18 
264 2567.37 
265 2538.36 
266 2509.17 
267 2479.83 
268 2450.33 
269 2420.7 
270 2390.95 
271 2361.09 
272 2331.15 
273 2301.14 
274 2271.07 
275 2240.96 
276 2210.83 
277 2180.69 
278 2150.54 
279 2120.41 
280 2090.31 
281 2060.23 
282 2030.21 
283 2000.24 
284 1970.34 
285 1940.53 
286 1910.81 
287 1881.21 
288 1851.72 
289 1822.36 
290 1793.16 
291 1764.11 
292 1735.24 
293 1706.56 
294 1678.07 
295 1649.8 
296 1621.76 
297 1593.96 
298 1566.42 
299 1539.16 
300 1512.17 
301 1485.49 
302 1459.12 
303 1433.06 
304 1407.31 
305 1381.89 
306 1356.81 
307 1332.06 
308 1307.65 
309 1283.59 
310 1259.88 
311 1236.53 
312 1213.54 
313 1190.92 
314 1168.68 
315 1146.81 
316 1125.33 
317 1104.24 
318 1083.54 
319 1063.23 
320 1043.33 
321 1023.84 
322 1004.75 
323 986.085 
324 967.834 
325 950.007 
326 932.606 
327 915.635 
328 899.099 
329 883 
330 867.342 
331 852.128 
332 837.361 
333 823.045 
334 809.182 
335 795.775 
336 782.827 
337 770.34 
338 758.317 
339 746.76 
340 735.671 
341 725.052 
342 714.904 
343 705.231 
344 696.033 
345 687.312 
346 679.069 
347 671.306 
348 664.022 
349 657.221 
350 650.901 
351 645.064 
352 639.707 
353 634.828 
354 630.425 
355 626.496 
356 623.036 
357 620.042 
358 617.512 
359 615.442 
360 613.827 
361 612.664 
362 611.949 
363 611.676 
364 611.842 
365 612.44 
366 613.467 
367 614.915 
368 616.781 
369 619.057 
370 621.738 
371 624.817 
372 628.287 
373 632.142 
374 636.374 
375 640.976 
376 645.94 
377 651.259 
378 656.924 
379 662.927 
380 669.258 
381 675.91 
382 682.873 
383 690.137 
384 697.693 
385 705.53 
386 713.639 
387 722.008 
388 730.627 
389 739.486 
390 748.571 
391 757.873 
392 767.378 
393 777.075 
394 786.951 
395 796.993 
396 807.188 
397 817.523 
398 827.984 
399 838.557 
400 849.228 
401 859.984 
402 870.818 
403 881.727 
404 892.704 
405 903.746 
406 914.846 
407 926.001 
408 937.204 
409 948.451 
410 959.735 
411 971.052 
412 982.396 
413 993.76 
414 1005.14 
415 1016.53 
416 1027.92 
417 1039.31 
418 1050.69 
419 1062.05 
420 1073.39 
421 1084.71 
422 1095.98 
423 1107.22 
424 1118.4 
425 1129.53 
426 1140.6 
427 1151.59 
428 1162.5 
429 1173.33 
430 1184.07 
431 1194.7 
432 1205.23 
433 1215.64 
434 1225.92 
435 1236.07 
436 1246.08 
437 1255.94 
438 1265.63 
439 1275.17 
440 1284.52 
441 1293.69 
442 1302.67 
443 1311.44 
444 1320 
445 1328.33 
446 1336.44 
447 1344.3 
448 1351.91 
449 1359.26 
450 1366.34 
451 1373.14 
452 1379.65 
453 1385.89 
454 1391.85 
455 1397.52 
456 1402.92 
457 1408.04 
458 1412.88 
459 1417.45 
460 1421.73 
461 1425.75 
462 1429.49 
463 1432.95 
464 1436.15 
465 1439.07 
466 1441.73 
467 1444.11 
468 1446.23 
469 1448.09 
470 1449.68 
471 1451.01 
472 1452.08 
473 1452.89 
474 1453.44 
475 1453.74 
476 1453.79 
477 1453.58 
478 1453.13 
479 1452.43 
480 1451.48 
481 1450.29 
482 1448.86 
483 1447.2 
484 1445.3 
485 1443.17 
486 1440.81 
487 1438.22 
488 1435.4 
489 1432.37 
490 1429.12 
491 1425.65 
492 1421.97 
493 1418.08 
494 1413.99 
495 1409.69 
496 1405.2 
497 1400.51 
498 1395.63 
499 1390.56 
500 1385.31 
501 1379.87 
502 1374.26 
503 1368.48 
504 1362.54 
505 1356.43 
506 1350.17 
507 1343.76 
508 1337.21 
509 1330.52 
510 1323.69 
511 1316.74 
512 1309.67 
513 1302.48 
514 1295.19 
515 1287.79 
516 1280.29 
517 1272.71 
518 1265.04 
519 1257.3 
520 1249.49 
521 1241.61 
522 1233.68 
523 1225.7 
524 1217.67 
525 1209.62 
526 1201.53 
527 1193.43 
528 1185.31 
529 1177.2 
530 1169.08 
531 1160.98 
532 1152.89 
533 1144.83 
534 1136.81 
535 1128.84 
536 1120.92 
537 1113.06 
538 1105.27 
539 1097.56 
540 1089.93 
541 1082.41 
542 1074.99 
543 1067.69 
544 1060.51 
545 1053.47 
546 1046.57 
547 1039.83 
548 1033.26 
549 1026.85 
550 1020.63 
551 1014.61 
552 1008.78 
553 1003.16 
554 997.731 
555 992.51 
556 987.497 
557 982.692 
558 978.1 
559 973.721 
560 969.559 
561 965.615 
562 961.893 
563 958.395 
564 955.123 
565 952.08 
566 949.267 
567 946.688 
568 944.345 
569 942.24 
570 940.377 
571 938.756 
572 937.381 
573 936.255 
574 935.379 
575 934.757 
576 934.39 
577 934.282 
578 934.434 
579 934.85 
580 935.531 
581 936.481 
582 937.701 
583 939.195 
584 940.965 
585 943.014 
586 945.343 
587 947.956 
588 950.856 
589 954.044 
590 957.523 
591 961.296 
592 965.366 
593 969.735 
594 974.406 
595 979.38 
596 984.662 
597 990.253 
598 996.157 
599 1002.37 
600 1008.91 
601 1015.76 
602 1022.94 
603 1030.42 
604 1038.21 
605 1046.3 
606 1054.7 
607 1063.39 
608 1072.37 
609 1081.64 
610 1091.2 
611 1101.03 
612 1111.13 
613 1121.5 
614 1132.14 
615 1143.03 
616 1154.18 
617 1165.58 
618 1177.22 
619 1189.09 
620 1201.21 
621 1213.55 
622 1226.11 
623 1238.88 
624 1251.87 
625 1265.06 
626 1278.46 
627 1292.04 
628 1305.81 
629 1319.76 
630 1333.89 
631 1348.19 
632 1362.64 
633 1377.26 
634 1392.02 
635 1406.92 
636 1421.96 
637 1437.12 
638 1452.41 
639 1467.81 
640 1483.32 
641 1498.93 
642 1514.63 
643 1530.41 
644 1546.28 
645 1562.21 
646 1578.2 
647 1594.25 
648 1610.34 
649 1626.48 
650 1642.64 
651 1658.82 
652 1675.03 
653 1691.24 
654 1707.45 
655 1723.67 
656 1739.88 
657 1756.07 
658 1772.25 
659 1788.4 
660 1804.52 
661 1820.61 
662 1836.65 
663 1852.64 
664 1868.58 
665 1884.46 
666 1900.26 
667 1915.99 
668 1931.64 
669 1947.2 
670 1962.67 
671 1978.03 
672 1993.29 
673 2008.42 
674 2023.44 
675 2038.32 
676 2053.07 
677 2067.67 
678 2082.12 
679 2096.42 
680 2110.54 
681 2124.49 
682 2138.26 
683 2151.83 
684 2165.21 
685 2178.39 
686 2191.35 
687 2204.09 
688 2216.6 
689 2228.87 
690 2240.9 
691 2252.67 
692 2264.18 
693 2275.42 
694 2286.38 
695 2297.06 
696 2307.43 
697 2317.5 
698 2327.26 
699 2336.69 
700 2345.79 
701 2354.55 
702 2362.97 
703 2371.05 
704 2378.78 
705 2386.17 
706 2393.22 
707 2399.92 
708 2406.27 
709 2412.28 
710 2417.95 
711 2423.27 
712 2428.24 
713 2432.86 
714 2437.14 
715 2441.07 
716 2444.65 
717 2447.88 
718 2450.76 
719 2453.29 
720 2455.47 
721 2457.31 
722 2458.79 
723 2459.92 
724 2460.7 
725 2461.13 
726 2461.22 
727 2460.95 
728 2460.32 
729 2459.35 
730 2458.03 
731 2456.36 
732 2454.33 
733 2451.96 
734 2449.23 
735 2446.15 
736 2442.72 
737 2438.94 
738 2434.81 
739 2430.33 
740 2425.5 
741 2420.32 
742 2414.79 
743 2408.91 
744 2402.68 
745 2396.1 
746 2389.18 
747 2381.9 
748 2374.28 
749 2366.31 
750 2357.99 
751 2349.33 
752 2340.32 
753 2330.98 
754 2321.3 
755 2311.3 
756 2300.98 
757 2290.34 
758 2279.4 
759 2268.14 
760 2256.59 
761 2244.74 
762 2232.6 
763 2220.19 
764 2207.49 
765 2194.52 
766 2181.29 
767 2167.8 
768 2154.06 
769 2140.07 
770 2125.83 
771 2111.37 
772 2096.68 
773 2081.76 
774 2066.63 
775 2051.3 
776 2035.76 
777 2020.03 
778 2004.1 
779 1988 
780 1971.73 
781 1955.29 
782 1938.69 
783 1921.93 
784 1905.04 
785 1888 
786 1870.84 
787 1853.55 
788 1836.15 
789 1818.64 
790 1801.04 
791 1783.34 
792 1765.56 
793 1747.7 
794 1729.78 
795 1711.8 
796 1693.77 
797 1675.7 
798 1657.59 
799 1639.46 
800 1621.32 
801 1603.16 
802 1585.01 
803 1566.85 
804 1548.71 
805 1530.57 
806 1512.45 
807 1494.36 
808 1476.29 
809 1458.25 
810 1440.25 
811 1422.29 
812 1404.38 
813 1386.52 
814 1368.72 
815 1350.98 
816 1333.31 
817 1315.71 
818 1298.19 
819 1280.76 
820 1263.42 
821 1246.17 
822 1229.02 
823 1211.99 
824 1195.06 
825 1178.25 
826 1161.57 
827 1145.01 
828 1128.6 
829 1112.32 
830 1096.19 
831 1080.22 
832 1064.4 
833 1048.76 
834 1033.28 
835 1017.98 
836 1002.87 
837 987.95 
838 973.227 
839 958.707 
840 944.399 
841 930.307 
842 916.438 
843 902.8 
844 889.398 
845 876.241 
846 863.333 
847 850.682 
848 838.296 
849 826.18 
850 814.342 
851 802.788 
852 791.518 
853 780.533 
854 769.83 
855 759.411 
856 749.274 
857 739.419 
858 729.846 
859 720.553 
860 711.541 
861 702.808 
862 694.354 
863 686.179 
864 678.281 
865 670.66 
866 663.315 
867 656.246 
868 649.452 
869 642.931 
870 636.683 
871 630.708 
872 625.004 
873 619.571 
874 614.408 
875 609.513 
876 604.886 
877 600.525 
878 596.431 
879 592.602 
880 589.036 
881 585.733 
882 582.692 
883 579.911 
884 577.39 
885 575.127 
886 573.122 
887 571.372 
888 569.878 
889 568.636 
890 567.648 
891 566.91 
892 566.422 
893 566.182 
894 566.189 
895 566.442 
896 566.94 
897 567.68 
898 568.661 
899 569.883 
900 571.343 
901 573.04 
902 574.969 
903 577.127 
904 579.509 
905 582.111 
906 584.928 
907 587.956 
908 591.19 
909 594.626 
910 598.26 
911 602.086 
912 606.1 
913 610.297 
914 614.672 
915 619.22 
916 623.938 
917 628.818 
918 633.858 
919 639.05 
920 644.392 
921 649.876 
922 655.499 
923 661.254 
924 667.136 
925 673.141 
926 679.263 
927 685.495 
928 691.834 
929 698.272 
930 704.805 
931 711.427 
932 718.132 
933 724.915 
934 731.769 
935 738.689 
936 745.668 
937 752.701 
938 759.782 
939 766.904 
940 774.062 
941 781.25 
942 788.46 
943 795.687 
944 802.924 
945 810.166 
946 817.404 
947 824.634 
948 831.849 
949 839.041 
950 846.204 
951 853.332 
952 860.422 
953 867.47 
954 874.475 
955 881.434 
956 888.343 
957 895.2 
958 902.002 
959 908.746 
960 915.429 
961 922.049 
962 928.602 
963 935.086 
964 941.497 
965 947.833 
966 954.091 
967 960.267 
968 966.359 
969 972.363 
970 978.277 
971 984.097 
972 989.82 
973 995.443 
974 1000.96 
975 1006.38 
976 1011.68 
977 1016.87 
978 1021.95 
979 1026.9 
980 1031.74 
981 1036.45 
982 1041.02 
983 1045.47 
984 1049.78 
985 1053.95 
986 1057.98 
987 1061.86 
988 1065.59 
989 1069.17 
990 1072.59 
991 1075.85 
992 1078.94 
993 1081.87 
994 1084.63 
995 1087.21 
996 1089.62 
997 1091.84 
998 1093.88 
999 1095.73 
1000 1097.38 
1001 1098.84 
1002 1100.1 
1003 1101.17 
1004 1102.04 
1005 1102.73 
1006 1103.22 
1007 1103.53 
1008 1103.66 
1009 1103.59 
1010 1103.35 
1011 1102.93 
1012 1102.33 
1013 1101.55 
1014 1100.59 
1015 1099.47 
1016 1098.17 
1017 1096.7 
1018 1095.06 
1019 1093.26 
1020 1091.3 
1021 1089.17 
1022 1086.89 
1023 1084.44 
1024 1081.85 
1025 1079.09 
1026 1076.19 
1027 1073.13 
1028 1069.93 
1029 1066.59 
1030 1063.1 
1031 1059.47 
1032 1055.7 
1033 1051.79 
1034 1047.76 
1035 1043.58 
1036 1039.28 
1037 1034.85 
1038 1030.3 
1039 1025.62 
1040 1020.83 
1041 1015.91 
1042 1010.88 
1043 1005.74 
1044 1000.49 
1045 995.127 
1046 989.659 
1047 984.089 
1048 978.418 
1049 972.649 
1050 966.785 
1051 960.828 
1052 954.782 
1053 948.649 
1054 942.434 
1055 936.14 
1056 929.77 
1057 923.328 
1058 916.818 
1059 910.242 
1060 903.605 
1061 896.91 
1062 890.161 
1063 883.361 
1064 876.515 
1065 869.625 
1066 862.696 
1067 855.731 
1068 848.735 
1069 841.711 
1070 834.663 
1071 827.595 
1072 820.511 
1073 813.415 
1074 806.311 
1075 799.202 
1076 792.093 
1077 784.989 
1078 777.892 
1079 770.808 
1080 763.741 
1081 756.694 
1082 749.672 
1083 742.679 
1084 735.72 
1085 728.798 
1086 721.919 
1087 715.086 
1088 708.304 
1089 701.578 
1090 694.911 
1091 688.309 
1092 681.776 
1093 675.316 
1094 668.935 
1095 662.636 
1096 656.425 
1097 650.306 
1098 644.284 
1099 638.363 
1100 632.549 
1101 626.845 
1102 621.254 
1103 615.775 
1104 610.411 
1105 605.162 
1106 600.029 
1107 595.014 
1108 590.116 
1109 585.338 
1110 580.679 
1111 576.142 
1112 571.727 
1113 567.435 
1114 563.267 
1115 559.224 
1116 555.307 
1117 551.518 
1118 547.857 
1119 544.325 
1120 540.923 
1121 537.653 
1122 534.515 
1123 531.51 
1124 528.64 
1125 525.906 
1126 523.308 
1127 520.847 
1128 518.526 
1129 516.344 
1130 514.303 
1131 512.404 
1132 510.647 
1133 509.035 
1134 507.568 
1135 506.247 
1136 505.074 
1137 504.048 
1138 503.173 
1139 502.448 
1140 501.874 
1141 501.453 
1142 501.187 
1143 501.075 
1144 501.119 
1145 501.321 
1146 501.681 
1147 502.2 
1148 502.88 
1149 503.722 
1150 504.727 
1151 505.895 
1152 507.225 
1153 508.715 
1154 510.361 
1155 512.162 
1156 514.115 
1157 516.218 
1158 518.468 
1159 520.864 
1160 523.401 
1161 526.079 
1162 528.894 
1163 531.844 
1164 534.926 
1165 538.137 
1166 541.476 
1167 544.939 
1168 548.524 
1169 552.228 
1170 556.048 
1171 559.982 
1172 564.027 
1173 568.181 
1174 572.439 
1175 576.8 
1176 581.261 
1177 585.819 
1178 590.471 
1179 595.214 
1180 600.045 
1181 604.962 
1182 609.96 
1183 615.039 
1184 620.193 
1185 625.421 
1186 630.719 
1187 636.085 
1188 641.514 
1189 647.005 
1190 652.553 
1191 658.157 
1192 663.811 
1193 669.515 
1194 675.263 
1195 681.053 
1196 686.882 
1197 692.746 
1198 698.642 
1199 704.566 
1200 710.517 
1201 716.489 
1202 722.48 
1203 728.488 
1204 734.509 
1205 740.542 
1206 746.583 
1207 752.63 
1208 758.679 
1209 764.729 
1210 770.775 
1211 776.816 
1212 782.848 
1213 788.869 
1214 794.875 
1215 800.864 
1216 806.833 
1217 812.778 
1218 818.698 
1219 824.588 
1220 830.446 
1221 836.269 
1222 842.053 
1223 847.796 
1224 853.495 
1225 859.146 
1226 864.746 
1227 870.293 
1228 875.783 
1229 881.212 
1230 886.578 
1231 891.877 
1232 897.107 
1233 902.263 
1234 907.344 
1235 912.344 
1236 917.261 
1237 922.092 
1238 926.833 
1239 931.481 
1240 936.033 
1241 940.485 
1242 944.833 
1243 949.075 
1244 953.206 
1245 957.223 
1246 961.124 
1247 964.903 
1248 968.558 
1249 972.085 
1250 975.48 
1251 978.741 
1252 981.867 
1253 984.857 
1254 987.712 
1255 990.431 
1256 993.015 
1257 995.463 
1258 997.776 
1259 999.953 
1260 1001.99 
1261 1003.9 
1262 1005.67 
1263 1007.3 
1264 1008.8 
1265 1010.16 
1266 1011.39 
1267 1012.48 
1268 1013.43 
1269 1014.25 
1270 1014.93 
1271 1015.48 
1272 1015.89 
1273 1016.16 
1274 1016.3 
1275 1016.3 
1276 1016.17 
1277 1015.89 
1278 1015.49 
1279 1014.94 
1280 1014.27 
1281 1013.45 
1282 1012.5 
1283 1011.41 
1284 1010.19 
1285 1008.83 
1286 1007.33 
1287 1005.7 
1288 1003.93 
1289 1002.03 
1290 999.989 
1291 997.814 
1292 995.503 
1293 993.056 
1294 990.473 
1295 987.755 
1296 984.901 
1297 981.912 
1298 978.787 
1299 975.527 
1300 972.132 
1301 968.602 
1302 964.938 
1303 961.144 
1304 957.222 
1305 953.174 
1306 949.002 
1307 944.709 
1308 940.297 
1309 935.768 
1310 931.125 
1311 926.371 
1312 921.507 
1313 916.537 
1314 911.463 
1315 906.286 
1316 901.011 
1317 895.639 
1318 890.172 
1319 884.615 
1320 878.968 
1321 873.235 
1322 867.418 
1323 861.52 
1324 855.544 
1325 849.492 
1326 843.366 
1327 837.171 
1328 830.908 
1329 824.58 
1330 818.19 
1331 811.741 
1332 805.235 
1333 798.675 
1334 792.065 
1335 785.406 
1336 778.703 
1337 771.957 
1338 765.172 
1339 758.35 
1340 751.495 
1341 744.61 
1342 737.697 
1343 730.759 
1344 723.8 
1345 716.823 
1346 709.83 
1347 702.825 
1348 695.81 
1349 688.789 
1350 681.765 
1351 674.742 
1352 667.72 
1353 660.702 
1354 653.69 
1355 646.685 
1356 639.691 
1357 632.708 
1358 625.739 
1359 618.786 
1360 611.851 
1361 604.935 
1362 598.041 
1363 591.17 
1364 584.326 
1365 577.51 
1366 570.723 
1367 563.968 
1368 557.248 
1369 550.564 
1370 543.918 
1371 537.313 
1372 530.75 
1373 524.232 
1374 517.761 
1375 511.339 
1376 504.969 
1377 498.651 
1378 492.39 
1379 486.186 
1380 480.043 
1381 473.962 
1382 467.945 
1383 461.995 
1384 456.115 
1385 450.306 
1386 444.571 
1387 438.911 
1388 433.331 
1389 427.83 
1390 422.413 
1391 417.082 
1392 411.838 
1393 406.684 
1394 401.623 
1395 396.656 
1396 391.787 
1397 387.018 
1398 382.352 
1399 377.789 
1400 373.334 
1401 368.989 
1402 364.752 
1403 360.624 
1404 356.605 
1405 352.695 
1406 348.892 
1407 345.197 
1408 341.609 
1409 338.127 
1410 334.753 
1411 331.484 
1412 328.321 
1413 325.264 
1414 322.311 
1415 319.463 
1416 316.719 
1417 314.079 
1418 311.542 
1419 309.108 
1420 306.777 
1421 304.547 
1422 302.42 
1423 300.394 
1424 298.468 
1425 296.643 
1426 294.918 
1427 293.293 
1428 291.766 
1429 290.339 
1430 289.009 
1431 287.778 
1432 286.643 
1433 285.605 
1434 284.664 
1435 283.819 
1436 283.069 
1437 282.413 
1438 281.853 
1439 281.386 
1440 281.012 
1441 280.732 
1442 280.544 
1443 280.448 
1444 280.443 
1445 280.529 
1446 280.705 
1447 280.971 
1448 281.327 
1449 281.771 
1450 282.303 
1451 282.923 
1452 283.629 
1453 284.419 
1454 285.291 
1455 286.244 
1456 287.275 
1457 288.383 
1458 289.567 
1459 290.823 
1460 292.151 
1461 293.549 
1462 295.014 
1463 296.545 
1464 298.14 
1465 299.797 
1466 301.513 
1467 303.288 
1468 305.119 
1469 307.004 
1470 308.942 
1471 310.929 
1472 312.965 
1473 315.047 
1474 317.173 
1475 319.342 
1476 321.551 
1477 323.797 
1478 326.08 
1479 328.397 
1480 330.746 
1481 333.125 
1482 335.531 
1483 337.963 
1484 340.418 
1485 342.895 
1486 345.39 
1487 347.903 
1488 350.431 
1489 352.971 
1490 355.521 
1491 358.08 
1492 360.645 
1493 363.213 
1494 365.783 
1495 368.353 
1496 370.919 
1497 373.479 
1498 376.033 
1499 378.576 
1500 381.107 
1501 383.623 
1502 386.124 
1503 388.608 
1504 391.075 
1505 393.522 
1506 395.95 
1507 398.357 
1508 400.742 
1509 403.104 
1510 405.442 
1511 407.754 
1512 410.04 
1513 412.299 
1514 414.53 
1515 416.731 
1516 418.901 
1517 421.04 
1518 423.145 
1519 425.217 
1520 427.253 
1521 429.253 
1522 431.215 
1523 433.14 
1524 435.024 
1525 436.867 
1526 438.668 
1527 440.427 
1528 442.14 
1529 443.808 
1530 445.43 
1531 447.003 
1532 448.528 
1533 450.001 
1534 451.424 
1535 452.794 
1536 454.109 
1537 455.37 
1538 456.574 
1539 457.72 
1540 458.808 
1541 459.835 
1542 460.801 
1543 461.704 
1544 462.544 
1545 463.318 
1546 464.026 
1547 464.666 
1548 465.237 
1549 465.738 
1550 466.167 
1551 466.524 
1552 466.808 
1553 467.021 
1554 467.163 
1555 467.235 
1556 467.237 
1557 467.17 
1558 467.035 
1559 466.832 
1560 466.562 
1561 466.226 
1562 465.825 
1563 465.359 
1564 464.828 
1565 464.234 
1566 463.577 
1567 462.859 
1568 462.079 
1569 461.238 
1570 460.337 
1571 459.378 
1572 458.36 
1573 457.284 
1574 456.151 
1575 454.962 
1576 453.718 
1577 452.419 
1578 451.066 
1579 449.66 
1580 448.201 
1581 446.691 
1582 445.13 
1583 443.519 
1584 441.859 
1585 440.151 
1586 438.394 
1587 436.591 
1588 434.742 
1589 432.848 
1590 430.909 
1591 428.926 
1592 426.901 
1593 424.834 
1594 422.726 
1595 420.577 
1596 418.39 
1597 416.163 
1598 413.899 
1599 411.598 
1600 409.261 
1601 406.889 
1602 404.483 
1603 402.045 
1604 399.575 
1605 397.076 
1606 394.548 
1607 391.992 
1608 389.411 
1609 386.805 
1610 384.175 
1611 381.524 
1612 378.852 
1613 376.16 
1614 373.451 
1615 370.725 
1616 367.984 
1617 365.23 
1618 362.462 
1619 359.684 
1620 356.897 
1621 354.101 
1622 351.298 
1623 348.491 
1624 345.679 
1625 342.865 
1626 340.05 
1627 337.235 
1628 334.422 
1629 331.613 
1630 328.809 
1631 326.011 
1632 323.22 
1633 320.44 
1634 317.67 
1635 314.912 
1636 312.169 
1637 309.44 
1638 306.729 
1639 304.036 
1640 301.364 
1641 298.713 
1642 296.085 
1643 293.482 
1644 290.905 
1645 288.356 
1646 285.837 
1647 283.348 
1648 280.893 
1649 278.471 
1650 276.086 
1651 273.738 
1652 271.428 
1653 269.157 
1654 266.924 
1655 264.73 
1656 262.576 
1657 260.461 
1658 258.387 
1659 256.354 
1660 254.361 
1661 252.41 
1662 250.501 
1663 248.634 
1664 246.809 
1665 245.028 
1666 243.29 
1667 241.596 
1668 239.945 
1669 238.34 
1670 236.78 
1671 235.264 
1672 233.795 
1673 232.372 
1674 230.996 
1675 229.666 
1676 228.384 
1677 227.15 
1678 225.964 
1679 224.827 
1680 223.739 
1681 222.7 
1682 221.711 
1683 220.773 
1684 219.885 
1685 219.049 
1686 218.264 
1687 217.531 
1688 216.851 
1689 216.223 
1690 215.649 
1691 215.129 
1692 214.662 
1693 214.251 
1694 213.894 
1695 213.593 
1696 213.347 
1697 213.158 
1698 213.026 
1699 212.951 
1700 212.934 
1701 212.975 
1702 213.073 
1703 213.227 
1704 213.437 
1705 213.702 
1706 214.021 
1707 214.393 
1708 214.817 
1709 215.293 
1710 215.819 
1711 216.395 
1712 217.02 
1713 217.693 
1714 218.413 
1715 219.18 
1716 219.991 
1717 220.848 
1718 221.748 
1719 222.691 
1720 223.675 
1721 224.701 
1722 225.766 
1723 226.871 
1724 228.014 
1725 229.194 
1726 230.41 
1727 231.662 
1728 232.948 
1729 234.268 
1730 235.621 
1731 237.005 
1732 238.42 
1733 239.864 
1734 241.338 
1735 242.839 
1736 244.367 
1737 245.921 
1738 247.499 
1739 249.102 
1740 250.727 
1741 252.375 
1742 254.043 
1743 255.731 
1744 257.438 
1745 259.163 
1746 260.904 
1747 262.662 
1748 264.434 
1749 266.22 
1750 268.019 
1751 269.829 
1752 271.65 
1753 273.48 
1754 275.32 
1755 277.167 
1756 279.021 
1757 280.881 
1758 282.745 
1759 284.614 
1760 286.485 
1761 288.358 
1762 290.232 
1763 292.105 
1764 293.978 
1765 295.848 
1766 297.715 
1767 299.578 
1768 301.435 
1769 303.286 
1770 305.13 
1771 306.965 
1772 308.79 
1773 310.605 
1774 312.409 
1775 314.2 
1776 315.977 
1777 317.739 
1778 319.485 
1779 321.214 
1780 322.925 
1781 324.617 
1782 326.289 
1783 327.939 
1784 329.567 
1785 331.171 
1786 332.751 
1787 334.305 
1788 335.831 
1789 337.33 
1790 338.799 
1791 340.238 
1792 341.645 
1793 343.02 
1794 344.361 
1795 345.666 
1796 346.936 
1797 348.168 
1798 349.362 
1799 350.516 
1800 351.63 
1801 352.701 
1802 353.73 
1803 354.717 
1804 355.662 
1805 356.564 
1806 357.424 
1807 358.242 
1808 359.017 
1809 359.75 
1810 360.44 
1811 361.088 
1812 361.693 
1813 362.255 
1814 362.774 
1815 363.25 
1816 363.684 
1817 364.074 
1818 364.422 
1819 364.726 
1820 364.987 
1821 365.205 
1822 365.38 
1823 365.512 
1824 365.6 
1825 365.645 
1826 365.646 
1827 365.604 
1828 365.518 
1829 365.388 
1830 365.215 
1831 364.999 
1832 364.738 
1833 364.434 
1834 364.086 
1835 363.693 
1836 363.257 
1837 362.777 
1838 362.253 
1839 361.685 
1840 361.072 
1841 360.416 
1842 359.715 
1843 358.969 
1844 358.18 
1845 357.346 
1846 356.467 
1847 355.544 
1848 354.577 
1849 353.565 
1850 352.508 
1851 351.406 
1852 350.261 
1853 349.072 
1854 347.841 
1855 346.568 
1856 345.254 
1857 343.899 
1858 342.505 
1859 341.072 
1860 339.601 
1861 338.092 
1862 336.547 
1863 334.965 
1864 333.349 
1865 331.698 
1866 330.013 
1867 328.295 
1868 326.545 
1869 324.764 
1870 322.953 
1871 321.111 
1872 319.24 
1873 317.341 
1874 315.415 
1875 313.462 
1876 311.483 
1877 309.479 
1878 307.45 
1879 305.398 
1880 303.324 
1881 301.227 
1882 299.11 
1883 296.972 
1884 294.815 
1885 292.639 
1886 290.446 
1887 288.235 
1888 286.009 
1889 283.767 
1890 281.511 
1891 279.241 
1892 276.959 
1893 274.665 
1894 272.36 
1895 270.045 
1896 267.72 
1897 265.388 
1898 263.047 
1899 260.701 
1900 258.348 
1901 255.991 
1902 253.629 
1903 251.265 
1904 248.898 
1905 246.529 
1906 244.161 
1907 241.792 
1908 239.424 
1909 237.059 
1910 234.696 
1911 232.336 
1912 229.982 
1913 227.633 
1914 225.29 
1915 222.954 
1916 220.626 
1917 218.308 
1918 215.999 
1919 213.701 
1920 211.414 
1921 209.14 
1922 206.88 
1923 204.633 
1924 202.403 
1925 200.188 
1926 197.99 
1927 195.811 
1928 193.65 
1929 191.51 
1930 189.39 
1931 187.292 
1932 185.216 
1933 183.165 
1934 181.137 
1935 179.136 
1936 177.161 
1937 175.213 
1938 173.294 
1939 171.405 
1940 169.545 
1941 167.717 
1942 165.922 
1943 164.159 
1944 162.431 
1945 160.739 
1946 159.082 
1947 157.463 
1948 155.882 
1949 154.341 
1950 152.84 
1951 151.38 
1952 149.96 
1953 148.58 
1954 147.239 
1955 145.937 
1956 144.672 
1957 143.444 
1958 142.251 
1959 141.094 
1960 139.971 
1961 138.882 
1962 137.825 
1963 136.801 
1964 135.807 
1965 134.844 
1966 133.911 
1967 133.006 
1968 132.13 
1969 131.28 
1970 130.457 
1971 129.659 
1972 128.886 
1973 128.136 
1974 127.41 
1975 126.705 
1976 126.022 
1977 125.36 
1978 124.717 
1979 124.092 
1980 123.486 
1981 122.896 
1982 122.323 
1983 121.765 
1984 121.221 
1985 120.691 
1986 120.173 
1987 119.667 
1988 119.172 
1989 118.687 
1990 118.211 
1991 117.743 
1992 117.283 
1993 116.829 
1994 116.38 
1995 115.935 
1996 115.495 
1997 115.057 
1998 114.621 
1999 114.185 
2000 113.75 
