-10 7.95398e+23 3.98661e-16 -3.57373e-16 0.0326706 0.174461 4.17578e-14 0.792869 1.99313e+22 1.78686e-15 2.30275e+17 
-9.89899 8.74892e+23 3.64304e-16 -3.23464e-16 0.0353645 0.188846 6.12002e-14 0.775789 2.20458e+22 1.61732e-15 2.30275e+17 
-9.79798 9.61842e+23 3.33204e-16 -2.92841e-16 0.0382127 0.204056 8.95359e-14 0.757732 2.43841e+22 1.46421e-15 2.30275e+17 
-9.69697 1.05687e+24 3.05044e-16 -2.65192e-16 0.041213 0.220077 1.30746e-13 0.73871 2.697e+22 1.32596e-15 2.30275e+17 
-9.59596 1.16061e+24 2.79539e-16 -2.40229e-16 0.0443614 0.23689 1.90548e-13 0.718749 2.98296e+22 1.20114e-15 2.30275e+17 
-9.49495 1.27376e+24 2.56431e-16 -2.17696e-16 0.047652 0.254462 2.7713e-13 0.697886 3.29916e+22 1.08848e-15 2.30275e+17 
-9.39394 1.39703e+24 2.35486e-16 -1.97358e-16 0.0510767 0.27275 4.02189e-13 0.676174 3.64879e+22 9.86791e-16 2.30275e+17 
-9.29293 1.5312e+24 2.16494e-16 -1.79005e-16 0.0546254 0.2917 5.8238e-13 0.653675 4.03538e+22 8.95027e-16 2.30275e+17 
-9.19192 1.67706e+24 1.99263e-16 -1.62446e-16 0.0582859 0.311247 8.41356e-13 0.630468 4.4628e+22 8.12231e-16 2.30275e+17 
-9.09091 1.83543e+24 1.83622e-16 -1.47507e-16 0.0620441 0.331315 1.21261e-12 0.606641 4.93536e+22 7.37537e-16 2.30275e+17 
-8.9899 2.00718e+24 1.69415e-16 -1.34032e-16 0.065884 0.351821 1.74343e-12 0.582295 5.45779e+22 6.7016e-16 2.30275e+17 
-8.88889 2.19322e+24 1.565e-16 -1.21878e-16 0.0697883 0.37267 2.50042e-12 0.557542 6.03532e+22 6.0939e-16 2.30275e+17 
-8.78788 2.39449e+24 1.44753e-16 -1.10917e-16 0.0737382 0.393762 3.57706e-12 0.5325 6.67373e+22 5.54584e-16 2.30275e+17 
-8.68687 2.61195e+24 1.34057e-16 -1.01031e-16 0.0777141 0.414993 5.10432e-12 0.507293 7.37939e+22 5.05157e-16 2.30275e+17 
-8.58586 2.84661e+24 1.2431e-16 -9.21164e-17 0.0816958 0.436256 7.26512e-12 0.482048 8.15935e+22 4.60582e-16 2.30275e+17 
-8.48485 3.09951e+24 1.15418e-16 -8.4076e-17 0.0856632 0.457441 1.03143e-11 0.456895 9.02137e+22 4.2038e-16 2.30275e+17 
-8.38384 3.37171e+24 1.07298e-16 -7.68233e-17 0.0895962 0.478444 1.46063e-11 0.43196 9.97401e+22 3.84116e-16 2.30276e+17 
-8.28283 3.66433e+24 9.98743e-17 -7.02798e-17 0.0934755 0.499159 2.06326e-11 0.407365 1.10267e+23 3.51399e-16 2.30276e+17 
-8.18182 3.9785e+24 9.30787e-17 -6.43744e-17 0.097283 0.519491 2.90735e-11 0.383226 1.21899e+23 3.21872e-16 2.30276e+17 
-8.08081 4.3154e+24 8.685e-17 -5.90428e-17 0.101002 0.539349 4.08689e-11 0.359649 1.34752e+23 2.95214e-16 2.30276e+17 
-7.9798 4.67625e+24 8.11335e-17 -5.42268e-17 0.104617 0.558653 5.73152e-11 0.336731 1.48951e+23 2.71134e-16 2.30277e+17 
-7.87879 5.0623e+24 7.58795e-17 -4.98739e-17 0.108114 0.57733 8.01967e-11 0.314555 1.64636e+23 2.4937e-16 2.30277e+17 
-7.77778 5.47485e+24 7.10439e-17 -4.59368e-17 0.111483 0.595322 1.11967e-10 0.293195 1.81962e+23 2.29684e-16 2.30278e+17 
-7.67677 5.91525e+24 6.65868e-17 -4.23728e-17 0.114715 0.612578 1.55992e-10 0.272708 2.01098e+23 2.11864e-16 2.30279e+17 
-7.57576 6.38488e+24 6.24725e-17 -3.91434e-17 0.117801 0.629059 2.16889e-10 0.253139 2.22232e+23 1.95717e-16 2.30279e+17 
-7.47475 6.88519e+24 5.8669e-17 -3.62141e-17 0.120738 0.64474 3.00978e-10 0.234522 2.45568e+23 1.8107e-16 2.3028e+17 
-7.37374 7.41769e+24 5.51475e-17 -3.35539e-17 0.123521 0.659602 4.16904e-10 0.216877 2.71335e+23 1.67769e-16 2.30281e+17 
-7.27273 7.98395e+24 5.18823e-17 -3.11349e-17 0.12615 0.673638 5.76481e-10 0.200212 2.99782e+23 1.55674e-16 2.30283e+17 
-7.17172 8.58558e+24 4.88503e-17 -2.89322e-17 0.128624 0.68685 7.95838e-10 0.184526 3.31183e+23 1.44661e-16 2.30284e+17 
-7.07071 9.22432e+24 4.60309e-17 -2.69236e-17 0.130945 0.699247 1.09698e-09 0.169808 3.65841e+23 1.34618e-16 2.30286e+17 
-6.9697 9.90192e+24 4.34053e-17 -2.50891e-17 0.133117 0.710844 1.50989e-09 0.156039 4.04088e+23 1.25446e-16 2.30288e+17 
-6.86869 1.06203e+25 4.09571e-17 -2.3411e-17 0.135143 0.721663 2.07544e-09 0.143194 4.46291e+23 1.17055e-16 2.3029e+17 
-6.76768 1.13813e+25 3.86711e-17 -2.18732e-17 0.137028 0.73173 2.84925e-09 0.131242 4.92851e+23 1.09366e-16 2.30293e+17 
-6.66667 1.21871e+25 3.6534e-17 -2.04617e-17 0.138778 0.741074 3.90703e-09 0.120148 5.44209e+23 1.02309e-16 2.30296e+17 
-6.56566 1.30398e+25 3.45336e-17 -1.9164e-17 0.140399 0.749728 5.35172e-09 0.109873 6.00852e+23 9.58198e-17 2.303e+17 
-6.46465 1.39416e+25 3.26591e-17 -1.79686e-17 0.141896 0.757727 7.32329e-09 0.100376 6.6331e+23 8.98431e-17 2.30304e+17 
-6.36364 1.4895e+25 3.09005e-17 -1.68657e-17 0.143278 0.765106 1.0012e-08 0.0916161 7.32169e+23 8.43287e-17 2.3031e+17 
-6.26263 1.59025e+25 2.9249e-17 -1.58464e-17 0.144551 0.7719 1.36761e-08 0.0835494 8.08069e+23 7.92319e-17 2.30316e+17 
-6.16162 1.69666e+25 2.76966e-17 -1.49026e-17 0.14572 0.778146 1.86667e-08 0.0761334 8.91713e+23 7.45132e-17 2.30323e+17 
-6.06061 1.80901e+25 2.62361e-17 -1.40275e-17 0.146794 0.78388 2.54601e-08 0.0693259 9.8387e+23 7.01373e-17 2.30331e+17 
-5.9596 1.9276e+25 2.48607e-17 -1.32145e-17 0.147778 0.789136 3.4703e-08 0.0630855 1.08538e+24 6.60727e-17 2.30341e+17 
-5.85859 2.05273e+25 2.35646e-17 -1.24583e-17 0.148679 0.793948 4.72729e-08 0.0573723 1.19717e+24 6.22913e-17 2.30352e+17 
-5.75758 2.18472e+25 2.23422e-17 -1.17536e-17 0.149504 0.798349 6.43601e-08 0.0521476 1.32025e+24 5.87681e-17 2.30365e+17 
-5.65657 2.32392e+25 2.11885e-17 -1.10962e-17 0.150256 0.802369 8.75795e-08 0.0473748 1.45571e+24 5.54808e-17 2.30381e+17 
-5.55556 2.47068e+25 2.00991e-17 -1.04818e-17 0.150943 0.806037 1.19121e-07 0.043019 1.60476e+24 5.24093e-17 2.30399e+17 
-5.45455 2.62538e+25 1.90696e-17 -9.90712e-18 0.15157 0.809383 1.61954e-07 0.0390473 1.76871e+24 4.95356e-17 2.3042e+17 
-5.35354 2.78841e+25 1.80964e-17 -9.36876e-18 0.152141 0.812431 2.20104e-07 0.0354287 1.94899e+24 4.68438e-17 2.30444e+17 
-5.25253 2.9602e+25 1.71758e-17 -8.86387e-18 0.15266 0.815205 2.99029e-07 0.0321342 2.14715e+24 4.43194e-17 2.30473e+17 
-5.15152 3.14117e+25 1.63047e-17 -8.38986e-18 0.153133 0.81773 4.06126e-07 0.0291369 2.36489e+24 4.19494e-17 2.30506e+17 
-5.05051 3.33181e+25 1.54799e-17 -7.94439e-18 0.153563 0.820025 5.5142e-07 0.0264114 2.60404e+24 3.9722e-17 2.30545e+17 
-4.94949 3.53258e+25 1.46989e-17 -7.52532e-18 0.153953 0.822111 7.48497e-07 0.0239347 2.86659e+24 3.76267e-17 2.3059e+17 
-4.84848 3.74402e+25 1.39589e-17 -7.13076e-18 0.154308 0.824006 1.01577e-06 0.021685 3.15469e+24 3.56539e-17 2.30643e+17 
-4.74747 3.96664e+25 1.32575e-17 -6.75895e-18 0.15463 0.825726 1.37817e-06 0.0196425 3.47069e+24 3.37949e-17 2.30704e+17 
-4.64646 4.20104e+25 1.25927e-17 -6.40832e-18 0.154923 0.827287 1.86951e-06 0.0177889 3.81709e+24 3.20418e-17 2.30775e+17 
-4.54545 4.44779e+25 1.19623e-17 -6.07743e-18 0.155188 0.828702 2.53557e-06 0.0161073 4.1966e+24 3.03874e-17 2.30859e+17 
-4.44444 4.70755e+25 1.13643e-17 -5.76496e-18 0.155428 0.829986 3.43837e-06 0.0145823 4.61215e+24 2.88251e-17 2.30955e+17 
-4.34343 4.98095e+25 1.0797e-17 -5.46971e-18 0.155646 0.83115 4.66192e-06 0.0131998 5.06684e+24 2.73489e-17 2.31068e+17 
-4.24242 5.26872e+25 1.02588e-17 -5.19057e-18 0.155843 0.832204 6.32004e-06 0.0119467 5.56403e+24 2.59533e-17 2.31199e+17 
-4.14141 5.57157e+25 9.74794e-18 -4.92654e-18 0.156022 0.833158 8.56686e-06 0.0108113 6.10726e+24 2.46333e-17 2.31352e+17 
-4.0404 5.89028e+25 9.26305e-18 -4.67667e-18 0.156184 0.834022 1.16112e-05 0.00978275 6.70032e+24 2.33841e-17 2.3153e+17 
-3.93939 6.22567e+25 8.80271e-18 -4.4401e-18 0.15633 0.834803 1.57357e-05 0.00885114 7.34722e+24 2.22015e-17 2.31737e+17 
-3.83838 6.57859e+25 8.36563e-18 -4.21604e-18 0.156462 0.835509 2.13235e-05 0.00800752 8.05216e+24 2.10815e-17 2.31978e+17 
-3.73737 6.94994e+25 7.95059e-18 -4.00375e-18 0.156582 0.836146 2.88931e-05 0.00724371 8.81956e+24 2.00204e-17 2.32259e+17 
-3.63636 7.34067e+25 7.55642e-18 -3.80252e-18 0.156689 0.83672 3.91468e-05 0.00655226 9.65403e+24 1.90147e-17 2.32586e+17 
-3.53535 7.75178e+25 7.18205e-18 -3.61174e-18 0.156786 0.837235 5.30357e-05 0.00592639 1.05603e+25 1.80614e-17 2.32966e+17 
-3.43434 8.1843e+25 6.82645e-18 -3.43078e-18 0.156872 0.837696 7.18475e-05 0.00535996 1.15433e+25 1.71574e-17 2.33409e+17 
-3.33333 8.63935e+25 6.48865e-18 -3.2591e-18 0.156949 0.838107 9.7326e-05 0.00484737 1.26078e+25 1.63e-17 2.33924e+17 
-3.23232 9.11808e+25 6.16775e-18 -3.09617e-18 0.157017 0.838468 0.000131832 0.00438354 1.3759e+25 1.54866e-17 2.34524e+17 
-3.13131 9.62172e+25 5.86288e-18 -2.94149e-18 0.157075 0.838782 0.000178561 0.00396387 1.50015e+25 1.47149e-17 2.35222e+17 
-3.0303 1.01515e+26 5.57325e-18 -2.79459e-18 0.157125 0.839049 0.000241841 0.00358418 1.634e+25 1.39825e-17 2.36034e+17 
-2.92929 1.07089e+26 5.29807e-18 -2.65502e-18 0.157166 0.839266 0.000327527 0.00324066 1.7779e+25 1.32874e-17 2.36979e+17 
-2.82828 1.12951e+26 5.03665e-18 -2.52235e-18 0.157197 0.83943 0.000443543 0.00292988 1.93221e+25 1.26276e-17 2.38079e+17 
-2.72727 1.19118e+26 4.78829e-18 -2.39617e-18 0.157216 0.839534 0.000600613 0.00264872 2.09725e+25 1.20013e-17 2.3936e+17 
-2.62626 1.25605e+26 4.55237e-18 -2.27608e-18 0.157223 0.83957 0.000813237 0.00239434 2.27323e+25 1.14067e-17 2.40849e+17 
-2.52525 1.32428e+26 4.32828e-18 -2.16168e-18 0.157214 0.839521 0.00110102 0.00216418 2.46024e+25 1.08422e-17 2.42582e+17 
-2.42424 1.39604e+26 4.11549e-18 -2.05257e-18 0.157185 0.839369 0.00149046 0.0019559 2.6582e+25 1.03064e-17 2.44599e+17 
-2.32323 1.4715e+26 3.91346e-18 -1.94835e-18 0.157132 0.839084 0.00201734 0.00176738 2.86681e+25 9.79775e-18 2.46945e+17 
-2.22222 1.55086e+26 3.72173e-18 -1.8486e-18 0.157046 0.838627 0.0027299 0.00159671 3.08552e+25 9.31507e-18 2.49675e+17 
-2.12121 1.6343e+26 3.53987e-18 -1.75288e-18 0.156919 0.837946 0.00369316 0.00144213 3.31344e+25 8.85714e-18 2.5285e+17 
-2.0202 1.72201e+26 3.36749e-18 -1.66071e-18 0.156736 0.836968 0.00499454 0.00130206 3.54928e+25 8.42285e-18 2.56543e+17 
-1.91919 1.81421e+26 3.20427e-18 -1.57157e-18 0.156478 0.835595 0.00675129 0.00117503 3.79124e+25 8.01125e-18 2.60836e+17 
-1.81818 1.91109e+26 3.04992e-18 -1.48485e-18 0.156123 0.833697 0.00912019 0.00105972 4.03695e+25 7.62144e-18 2.65828e+17 
-1.71717 2.01285e+26 2.90424e-18 -1.39988e-18 0.155636 0.831099 0.0123098 0.000954925 4.28329e+25 7.2527e-18 2.71628e+17 
-1.61616 2.11969e+26 2.76709e-18 -1.31585e-18 0.154975 0.827569 0.0165962 0.000859513 4.52631e+25 6.90439e-18 2.78364e+17 
-1.51515 2.23178e+26 2.63841e-18 -1.23181e-18 0.154083 0.822803 0.0223411 0.000772461 4.76105e+25 6.57601e-18 2.86184e+17 
-1.41414 2.34929e+26 2.51828e-18 -1.14664e-18 0.152885 0.816408 0.0300137 0.000692818 4.9814e+25 6.26721e-18 2.95251e+17 
-1.31313 2.47231e+26 2.40685e-18 -1.05899e-18 0.151288 0.807879 0.0402128 0.000619713 5.17995e+25 5.97772e-18 3.05754e+17 
-1.21212 2.60093e+26 2.30447e-18 -9.67298e-19 0.149174 0.796588 0.0536853 0.000552344 5.34781e+25 5.70739e-18 3.179e+17 
-1.11111 2.7351e+26 2.21164e-18 -8.69707e-19 0.1464 0.781774 0.0713358 0.000489992 5.47453e+25 5.45608e-18 3.31919e+17 
-1.0101 2.87471e+26 2.12904e-18 -7.64112e-19 0.142801 0.762556 0.0942111 0.000432027 5.54798e+25 5.22359e-18 3.48054e+17 
-0.909091 3.01944e+26 2.05762e-18 -6.4819e-19 0.138198 0.737978 0.123446 0.000377933 5.55454e+25 5.00953e-18 3.66562e+17 
-0.808081 3.16885e+26 1.99853e-18 -5.19497e-19 0.132417 0.707107 0.160149 0.000327332 5.479e+25 4.81309e-18 3.87697e+17 
-0.707071 3.32222e+26 1.95318e-18 -3.75649e-19 0.125317 0.669194 0.205209 0.000280019 5.30509e+25 4.63298e-18 4.11689e+17 
-0.606061 3.47859e+26 1.92322e-18 -2.14564e-19 0.116834 0.623894 0.259035 0.000235982 5.01599e+25 4.46733e-18 4.38749e+17 
-0.505051 3.63662e+26 1.91047e-18 -3.47475e-20 0.107024 0.571508 0.321273 0.000195398 4.59546e+25 4.31396e-18 4.69045e+17 
-0.40404 3.79498e+26 1.91685e-18 1.64452e-19 0.0960978 0.513162 0.390581 0.000158594 4.02662e+25 4.17097e-18 5.02594e+17 
-0.30303 3.95229e+26 1.94433e-18 3.82734e-19 0.0844272 0.450841 0.464606 0.000125947 3.29273e+25 4.0376e-18 5.39289e+17 
-0.20202 4.10611e+26 1.99478e-18 6.1895e-19 0.0725047 0.387175 0.540223 9.77691e-05 2.38591e+25 3.91515e-18 5.79209e+17 
-0.10101 4.25403e+26 2.06992e-18 8.71457e-19 0.0608666 0.325028 0.614031 7.41903e-05 1.30242e+25 3.80746e-18 6.22349e+17 
0 4.39812e+26 2.17132e-18 1.13862e-18 0.05 0.267 0.682945 5.50896e-05 0 3.72062e-18 6.67364e+17 
