7.54595e+28 3.05129e-97 0.709582 1.70615e+14 -4.33894e-10 0 0 
4.648e+30 1.29016e-95 43.7074 1.04127e+14 -7.89743e+13 -3.83571e-269 0 
9.22054e+30 1.83732e-95 86.7052 6.74445e+12 -2.27564e+13 4.50282e-173 0 
1.37931e+31 1.98063e-95 129.703 -1.60215e+13 4.35602e+11 4.64015e-77 0 
1.83656e+31 1.90904e-95 172.701 -6.12523e+11 2.24987e+12 200377 0 
2.29382e+31 1.73508e-95 215.699 -3.04297e+12 5.88394e+12 -1.47665e+12 0 
2.75107e+31 1.52791e-95 258.697 8.09704e+12 -3.27289e+12 1.0076e+13 0 
3.20832e+31 1.32799e-95 301.694 1.05306e+12 -6.33603e+12 -7.43542e+12 0 
3.66558e+31 1.15551e-95 344.692 -6.81283e+12 6.04855e+12 1.11801e+12 0 
4.12283e+31 1.0168e-95 387.69 1.40083e+12 8.92881e+11 -2.10623e+12 0 
4.58009e+31 9.09738e-96 430.688 1.49145e+12 -1.57185e+12 2.40601e+11 0 
5.03734e+31 8.27868e-96 473.686 1.06873e+12 -9.68464e+11 -1.36898e+12 0 
5.4946e+31 7.63244e-96 516.683 2.88377e+11 -1.30912e+12 -1.17652e+12 0 
5.95185e+31 7.08299e-96 559.681 -3.47828e+12 3.31214e+12 2.82519e+12 0 
6.4091e+31 6.57069e-96 602.679 8.97214e+11 3.44209e+11 1.34591e+12 0 
6.86636e+31 6.05884e-96 645.677 2.76206e+12 -3.01394e+12 -2.80382e+12 0 
7.32361e+31 5.53511e-96 688.675 -1.02869e+12 4.21518e+11 1.88551e+12 0 
7.78087e+31 5.00774e-96 731.673 -1.12125e+12 1.1725e+12 -1.04649e+12 0 
8.23812e+31 4.49743e-96 774.67 -5.10126e+11 7.10981e+11 8.05429e+11 0 
8.69537e+31 4.02811e-96 817.668 9.03058e+11 -5.6038e+11 -7.48044e+11 0 
9.15263e+31 3.61922e-96 860.666 1.58226e+12 -1.82862e+12 4.68038e+11 0 
9.60988e+31 3.2813e-96 903.664 -1.47816e+12 1.07515e+12 1.56634e+11 0 
1.00671e+32 3.01501e-96 946.662 -1.28703e+12 1.59491e+12 -9.14115e+11 0 
1.05244e+32 2.81252e-96 989.659 1.31897e+12 -1.0895e+12 1.34821e+12 0 
1.09816e+32 2.66005e-96 1032.66 6.86519e+11 -8.53878e+11 -1.06918e+12 0 
1.14389e+32 2.54071e-96 1075.66 -3.97369e+11 2.70297e+11 1.71584e+11 0 
1.18962e+32 2.43737e-96 1118.65 -6.94406e+11 6.75415e+11 6.52651e+11 0 
1.23534e+32 2.33526e-96 1161.65 -3.15225e+11 4.65488e+11 -6.37024e+11 0 
1.28107e+32 2.22428e-96 1204.65 9.98223e+11 -9.07937e+11 -2.32072e+11 0 
1.32679e+32 2.10004e-96 1247.65 4.2332e+11 -5.92491e+11 1.02955e+12 0 
1.37252e+32 1.96397e-96 1290.64 -9.54722e+11 8.81085e+11 -8.37239e+11 0 
1.41824e+32 1.82184e-96 1333.64 -3.45072e+11 4.62176e+11 -1.13483e+11 0 
1.46397e+32 1.68179e-96 1376.64 5.38386e+11 -4.74349e+11 6.38562e+11 0 
1.50969e+32 1.5517e-96 1419.64 4.64436e+11 -5.06756e+11 -1.33373e+11 0 
1.55542e+32 1.43772e-96 1462.64 -1.54732e+11 6.97744e+10 -5.657e+11 0 
1.60114e+32 1.34321e-96 1505.63 -6.76277e+11 6.77301e+11 3.60662e+11 0 
1.64687e+32 1.26853e-96 1548.63 6.67228e+09 9.21605e+10 4.66455e+11 0 
1.69259e+32 1.21149e-96 1591.63 7.12499e+11 -7.03928e+11 -6.63177e+11 0 
1.73832e+32 1.16806e-96 1634.63 4.44699e+10 -1.27036e+11 -4.63837e+10 0 
1.78405e+32 1.13316e-96 1677.62 -5.39272e+11 5.23414e+11 5.36912e+11 0 
1.82977e+32 1.10156e-96 1720.62 -1.61412e+11 2.12389e+11 -1.16499e+11 0 
1.8755e+32 1.06878e-96 1763.62 3.23955e+11 -2.92615e+11 -3.8778e+11 0 
1.92122e+32 1.03171e-96 1806.62 3.18199e+11 -3.44419e+11 1.07645e+11 -3.59358e-246 
1.96695e+32 9.89073e-97 1849.62 -1.83081e+11 1.39322e+11 3.91374e+11 -4.35085e-150 
2.01267e+32 9.41187e-97 1892.61 -4.01051e+11 4.13722e+11 -1.91862e+11 -1.18082e-52 
2.0584e+32 8.90119e-97 1935.61 9.20893e+10 -4.81404e+10 -3.33939e+11 -51.4671 
2.10412e+32 8.38824e-97 1978.61 3.694e+11 -3.71873e+11 2.48431e+11 -1.44069e+07 
2.14985e+32 7.89636e-97 2021.61 1.22451e+10 -4.6457e+10 2.28034e+11 -6.26597e+10 
2.19557e+32 7.45311e-97 2064.6 -2.81179e+11 2.72329e+11 -2.07184e+11 2.29795e+11 
2.2413e+32 7.06987e-97 2107.6 -1.28784e+11 1.51919e+11 -1.96407e+11 -1.56025e+11 
2.28703e+32 6.75549e-97 2150.6 1.96468e+11 -1.78125e+11 1.73087e+11 -1.17577e+11 
2.33275e+32 6.49888e-97 2193.6 2.10741e+11 -2.25193e+11 1.99881e+11 -4.27217e+10 
2.37848e+32 6.29702e-97 2236.6 -1.23432e+11 1.01249e+11 -1.7577e+11 -1.24359e+11 
2.4242e+32 6.1245e-97 2279.59 -2.32176e+11 2.39177e+11 -1.76565e+11 -7.03633e+10 
2.46993e+32 5.97393e-97 2322.59 4.52483e+10 -2.46528e+10 1.62163e+11 -1.31869e+11 
2.51565e+32 5.81861e-97 2365.59 2.08606e+11 -2.08132e+11 1.49914e+11 5.35611e+10 
2.56138e+32 5.65761e-97 2408.59 3.79008e+10 -5.43616e+10 -1.25303e+11 -4.97553e+10 
2.6071e+32 5.4733e-97 2451.59 -1.67493e+11 1.60467e+11 -1.47537e+11 7.42614e+10 
2.65283e+32 5.27619e-97 2494.58 -1.05808e+11 1.1773e+11 9.68819e+10 1.58092e+10 
2.69855e+32 5.06048e-97 2537.58 1.2107e+11 -1.10052e+11 1.52116e+11 -5.68438e+09 
2.74428e+32 4.84427e-97 2580.58 1.41901e+11 -1.49296e+11 -8.20459e+10 5.5014e+09 
2.79e+32 4.62779e-97 2623.58 -6.87249e+10 5.66779e+10 -1.44754e+11 2.15142e+10 
2.83573e+32 4.42825e-97 2666.57 -1.46859e+11 1.49646e+11 6.39199e+10 -9.42876e+09 
2.88146e+32 4.24471e-97 2709.57 1.23837e+10 -1.40529e+09 1.31547e+11 1.53479e+09 
2.92718e+32 4.08724e-97 2752.57 1.31542e+11 -1.30077e+11 -3.83287e+10 -4.94487e+09 
2.97291e+32 3.95264e-97 2795.57 3.7695e+10 -4.66275e+10 -1.22889e+11 2.88962e+10 
3.01863e+32 3.83607e-97 2838.57 -1.04934e+11 1.0033e+11 1.45314e+10 -4.97681e+10 
3.06436e+32 3.73749e-97 2881.56 -7.30118e+10 7.93431e+10 1.15232e+11 -8.92595e+09 
3.11008e+32 3.64679e-97 2924.56 7.10565e+10 -6.48384e+10 2.91537e+09 4.21991e+10 
3.15581e+32 3.56205e-97 2967.56 8.91566e+10 -9.26763e+10 -1.03215e+11 5.01528e+10 
3.20153e+32 3.47627e-97 3010.56 -3.37626e+10 2.73282e+10 -1.66985e+10 4.69712e+10 
3.24726e+32 3.38454e-97 3053.55 -8.89706e+10 8.9772e+10 8.69991e+10 4.67288e+10 
3.29298e+32 3.28875e-97 3096.55 -2.73254e+09 8.46111e+09 3.07265e+10 3.79389e+10 
3.33871e+32 3.18617e-97 3139.55 7.7215e+10 -7.57854e+10 -7.03086e+10 9.70348e+08 
3.38444e+32 3.08201e-97 3182.55 3.16675e+10 -3.61199e+10 -4.22784e+10 -4.62995e+10 
3.43016e+32 2.97759e-97 3225.55 -5.76755e+10 5.48169e+10 5.44752e+10 -2.30679e+10 
3.47589e+32 2.87466e-97 3268.54 -4.93922e+10 5.22732e+10 4.90761e+10 4.71583e+10 
3.52161e+32 2.77897e-97 3311.54 3.39824e+10 -3.0492e+10 -3.87698e+10 -1.09377e+10 
3.56734e+32 2.69099e-97 3354.54 5.53565e+10 -5.66074e+10 -5.09964e+10 -2.31191e+10 
3.61306e+32 2.61021e-97 3397.54 -9.68048e+09 6.24888e+09 2.2891e+10 3.73633e+10 
3.65879e+32 2.53928e-97 3440.54 -5.21896e+10 5.20022e+10 5.00534e+10 -4.02467e+10 
3.70451e+32 2.47571e-97 3483.53 -1.13615e+10 1.42314e+10 -7.97372e+09 3.97e+10 
3.75024e+32 2.41636e-97 3526.53 4.21461e+10 -4.08973e+10 -4.65637e+10 -3.72894e+10 
3.79596e+32 2.36201e-97 3569.53 2.61444e+10 -2.8183e+10 -4.36311e+09 2.9019e+10 
3.84169e+32 2.30936e-97 3612.53 -2.76391e+10 2.57924e+10 4.03723e+10 -1.03432e+10 
3.88741e+32 2.25523e-97 3655.52 -3.36281e+10 3.4724e+10 1.38491e+10 -1.63737e+10 
3.93314e+32 2.20173e-97 3698.52 1.19632e+10 -9.96254e+09 -3.23173e+10 3.33654e+10 
3.97887e+32 2.14729e-97 3741.52 3.42736e+10 -3.44621e+10 -2.07498e+10 -1.65635e+10 
4.02459e+32 2.0903e-97 3784.52 2.50034e+09 -4.30587e+09 2.31455e+10 -2.16213e+10 
4.07032e+32 2.03437e-97 3827.52 -2.94794e+10 2.89557e+10 2.47155e+10 2.28832e+10 
4.11604e+32 1.97916e-97 3870.51 -1.38639e+10 1.52399e+10 -1.37428e+10 1.99531e+10 
4.16177e+32 1.92431e-97 3913.51 2.11068e+10 -2.01255e+10 -2.59166e+10 -1.53308e+10 
4.20749e+32 1.87341e-97 3956.51 2.04579e+10 -2.12911e+10 5.17634e+09 -2.58484e+10 
4.25322e+32 1.82571e-97 3999.51 -1.10421e+10 9.861e+09 2.4735e+10 -7.33851e+09 
4.29894e+32 1.78143e-97 4042.5 -2.26277e+10 2.291e+10 2.34316e+09 1.41869e+10 
4.34467e+32 1.73899e-97 4085.5 1.23924e+09 -1.04638e+08 -2.1348e+10 2.27161e+10 
4.39039e+32 1.70081e-97 4128.5 2.05817e+10 -2.03964e+10 -8.18142e+09 1.93869e+10 
4.43612e+32 1.66487e-97 4171.5 6.8661e+09 -7.79367e+09 1.68001e+10 1.08849e+10 
4.48185e+32 1.62905e-97 4214.5 -1.57111e+10 1.5198e+10 1.21511e+10 2.49228e+09 
4.52757e+32 1.59553e-97 4257.49 -1.21786e+10 1.27934e+10 -1.14195e+10 -3.42134e+09 
